0 0.48276692656250003 0.3319768890625 0.5532234 0.33883751093750003 0.5911122046874999 0.3074240734375 0.5610220203125 0.2684152796875 0.49217904843750004 0.259940396875 0.45426164375000005 0.2918220921875 0.48276692656250003 0.3319768890625
0 0.6588631375 0.3892108796875 0.6916711 0.355714915625 0.66003383125 0.31549294687499996 0.5913647546874999 0.3070852421875 0.553985196875 0.3385633703125 0.5851796578124999 0.38174492031249996 0.6588631375 0.3892108796875
0 0.76704363125 0.44206517031250003 0.7985070046875 0.4047353421875 0.7635843718750001 0.36314972968750003 0.692553390625 0.3543024421875 0.6584008390625 0.3890091 0.6936290656249999 0.43500276875 0.76704363125 0.44206517031250003
0 0.6936290656249999 0.5225457125 0.770808484375 0.528800978125 0.8066183625000001 0.4879651140625 0.7667747171875 0.4414289921875 0.6928223250000001 0.434568375 0.6562494890624999 0.47169642187500005 0.6936290656249999 0.5225457125
0 0.656106446875 0.47348683437499994 0.6937549375 0.4339373984375 0.659025221875 0.38912141562499997 0.5843053828125 0.3812720515625 0.5466569031249999 0.417592971875 0.580002703125 0.4648101640625 0.656106446875 0.47348683437499994
0 0.5467092234375001 0.4178600765625 0.585433390625 0.3819427234375 0.5544660718750001 0.3384388046875 0.481093278125 0.3312952203125 0.44048669531250007 0.3645894125 0.471143328125 0.41019233593750004 0.5467092234375001 0.4178600765625
0 0.3648389984375 0.3559737921875 0.43879139218749996 0.3648522421875 0.48117380625 0.33112638906249997 0.45411971875 0.291403259375 0.381780828125 0.28111233593749996 0.3371404671875 0.313801165625 0.3648389984375 0.3559737921875
0 0.316549175 0.391833453125 0.3646854640625 0.3563196609375 0.33727889843750003 0.31398003281250003 0.2611521140625 0.3046632359375 0.21247798593749997 0.3379574125 0.2358738265625 0.3827532234375 0.316549175 0.391833453125
0 0.34370986875 0.4390390359375 0.42599870937500006 0.4485228421875 0.47041530781249996 0.4095457515625 0.4397135328125 0.36498472187500003 0.36387870312500004 0.3559044921875 0.3168180890625 0.391620065625 0.34370986875 0.4390390359375
0 0.457420934375 0.49677550000000004 0.538096271875 0.505250390625 0.5803537078125001 0.46451495156249994 0.546970546875 0.4177895625 0.47113573750000004 0.40951646718749996 0.4264953875 0.4480570109375 0.457420934375 0.49677550000000004
0 0.5733356609375 0.5574453046875 0.6553555890625 0.5657184 0.693990340625 0.522509978125 0.6567001984374999 0.47289826718750005 0.579520778125 0.463818040625 0.538107434375 0.5055871 0.5733356609375 0.5574453046875
0 0.69390088125 0.6195849625000001 0.7778032453125 0.6303140171875 0.8143510328125 0.5815136140625 0.7726938031249999 0.5308004984375 0.6928252265625 0.5223256140625 0.6549078015625 0.5657089359375 0.69390088125 0.6195849625000001
0 0.5662161453125 0.6638099734375 0.653614428125 0.6728902031249999 0.693990340625 0.6198911921875 0.6544211890625 0.5655417078125 0.5726701765625 0.5570668328124999 0.5277609125 0.6048893671875 0.5662161453125 0.6638099734375
0 0.40959013281249995 0.5403860640625 0.44216551718749997 0.5960933015625 0.5285850953125 0.6031467640625 0.5743608828125 0.5565866421875 0.5379976656250001 0.5048584859374999 0.45883195781249997 0.49690031718750005 0.40959013281249995 0.5403860640625
0 0.408832578125 0.5409729875 0.45769562500000005 0.49748723437500003 0.426770190625 0.448293396875 0.34330306093749996 0.4392220125 0.2940612359375 0.48014978125 0.3228487875 0.53273060625 0.408832578125 0.5409729875
0 0.29442715 0.4803763859375 0.34329016874999996 0.43916439531250007 0.3173783625 0.3914664734375 0.23571574218750002 0.3828887203125 0.1815497234375 0.42182693125000004 0.207685775 0.472133984375 0.29442715 0.4803763859375
0 0.264118828125 0.5819639734375001 0.3239665671875 0.5330780453124999 0.29559470781249997 0.47990337343749995 0.2080588921875 0.47140214687500004 0.1493474859375 0.5157405703125 0.1758623140625 0.5737215703125 0.264118828125 0.5819639734375001
0 0.2970729609375 0.6393627703125 0.388359721875 0.6478893890624999 0.44002980625 0.5960434 0.40919280156250004 0.5401697796875 0.3239665671875 0.5324958203125 0.26601274375 0.581381790625 0.2970729609375 0.6393627703125
0 0.423143521875 0.7121688265625 0.5159454234374999 0.7195585796875 0.5659961546875001 0.663170203125 0.5280664765624999 0.6038807734375 0.4413251015625 0.5953541546875 0.3879166671875 0.6479349703125 0.423143521875 0.7121688265625