0 0.7100212046875 0.3306305484375 0.679790503125 0.2637549234375 0.5862850546875 0.2471376125 0.519846940625 0.29837431875 0.546914321875 0.37084429218750004 0.644725971875 0.3860767875 0.7100212046875 0.3306305484375
0 0.8073224953125001 0.3488257640625 0.7095859109375 0.3309613359375 0.6450214703125 0.38621383125 0.6749025515625 0.4562803515625 0.769881571875 0.4698932546875 0.8371139624999999 0.41664270625000005 0.8073224953125001 0.3488257640625
0 0.9627564281250001 0.5004238796875 0.9326518140625 0.431616665625 0.835538425 0.414800709375 0.7704404031250001 0.469652784375 0.8029894343749999 0.5421216109375 0.9001028640625 0.5557345437500001 0.9627564281250001 0.5004238796875
0 0.930735703125 0.6285067765625 0.8990356187499999 0.5562130453125 0.8013886484375 0.538596325 0.73735783125 0.597852621875 0.7709740265625 0.6659172421874999 0.8702217843750001 0.6815320453125 0.930735703125 0.6285067765625
0 0.8006515109375 0.5379481671875 0.7709740265625 0.4689301640625 0.6770621296875 0.4545164828125 0.6076954109375 0.509768946875 0.6407780234375 0.57823395625 0.7394922 0.5942491640625 0.8006515109375 0.5379481671875
0 0.6465517765625 0.385349403125 0.5493935140625 0.36937178125000003 0.48376190937499997 0.423423109375 0.5147101546874999 0.4934896453125 0.609689175 0.5091044796875 0.675320778125 0.45305125 0.6465517765625 0.385349403125
0 0.5182913765625 0.3012235765625 0.42437951875 0.2816049328125 0.3608823046875 0.3384589234375 0.38702820937500004 0.40772472656250003 0.48414163906249996 0.421738034375 0.549773203125 0.369288203125 0.5182913765625 0.3012235765625
0 0.361033653125 0.3383189640625 0.258413059375 0.319132853125 0.1927814765625 0.37278380625 0.222662515625 0.445652990625 0.322977459375 0.4624689625 0.387008275 0.406015359375 0.361033653125 0.3383189640625
0 0.5158004859374999 0.49291902343749994 0.48412170625 0.4213121875 0.3875418578125 0.4072988796875 0.32191029531250004 0.46215095625 0.34965696562500004 0.5310163546875 0.447837559375 0.5470315625 0.5158004859374999 0.49291902343749994
0 0.6398807921875 0.5784743953125 0.611789434375 0.508264340625 0.513075259375 0.4914483703125 0.44957802343750003 0.5487027359375001 0.4783919 0.617167759375 0.574438125 0.6347844953124999 0.6398807921875 0.5784743953125
0 0.7666294921875 0.6655307390625 0.738802953125 0.5937252156249999 0.6384879890625 0.5777100078124999 0.576057959375 0.6353647625 0.60647258125 0.7090347109375 0.7073211265625 0.7246495453125 0.7666294921875 0.6655307390625
0 0.8987149796875 0.7555890265625 0.8682116296875 0.6821801734374999 0.7662959203125 0.6669657296875 0.70386585 0.7254212328125 0.7358812578125 0.79668890625 0.8340618937500001 0.811502990625 0.8987149796875 0.7555890265625
0 0.735275865625 0.7961152546875 0.7049215375 0.7230189578124999 0.6056737390625 0.7082048859375 0.5405757578125 0.764258115625 0.5709903796875 0.840730728125 0.6713053421875 0.8563455624999999 0.735275865625 0.7961152546875
0 0.5765064421874999 0.6340103390625 0.47758907031250003 0.6184397703125 0.4098231375 0.6764949 0.4407713828125 0.7493641 0.5405527234374999 0.766980834375 0.6061843265625 0.7081249265625 0.5765064421874999 0.6340103390625
0 0.44842354531249995 0.5479546421875 0.35124800624999997 0.5307807296875 0.28401565781250004 0.588835890625 0.309627959375 0.6613046859375 0.41154366875 0.6769195203125 0.478776059375 0.6188644062499999 0.44842354531249995 0.5479546421875
0 0.32234194375 0.46289959375 0.2210413734375 0.4441108359375 0.15274181874999998 0.5017655828125 0.18155569375 0.57183215 0.2845386078125 0.5882477015625 0.3517709578125 0.5309933359375 0.32234194375 0.46289959375
0 0.311751696875 0.6606910859374999 0.2840050265625 0.5874215109375001 0.1820892765625 0.5710059140625 0.10952102500000001 0.63026218125 0.13780131874999998 0.7039321593750001 0.23758265937499998 0.718345840625 0.311751696875 0.6606910859374999
0 0.439751265625 0.7475838453125 0.41046587343749996 0.6754839546875 0.309083746875 0.661871021875 0.2413178140625 0.71992618125 0.268530903125 0.7935960984375 0.3720473984375 0.8088105593750001 0.439751265625 0.7475838453125
0 0.5711696546875 0.84014375 0.5411954984375 0.7643368484375 0.43927974843750006 0.750323540625 0.3699130296875 0.808779059375 0.4024620203125 0.885251671875 0.5011762375 0.8988646062500001 0.5711696546875 0.84014375