0 0.58219778125 0.382711825 0.619050703125 0.357914459375 0.5995147015625 0.324253309375 0.5430773062500001 0.3155665609375 0.5065376859375 0.3394551125 0.5242648234375 0.3747450234375 0.58219778125 0.382711825
0 0.6776749921875 0.366903240625 0.619403190625 0.3575629578125 0.58184135625 0.383099321875 0.6020087828125 0.42017434375 0.6609985078125 0.42868646562499996 0.6990645203125 0.402393465625 0.6776749921875 0.366903240625
0 0.758042921875 0.41181473124999995 0.6990144171875 0.40158190312500003 0.6614526015625 0.4284423609375 0.6841409546875 0.466598534375 0.745903678125 0.47681306718750005 0.7819529609375 0.4484393296875 0.758042921875 0.41181473124999995
0 0.7725406671874999 0.5165294171875 0.7469120734375 0.47693926875 0.683888846875 0.466535565625 0.6450665671875 0.49604425625 0.6690153859375 0.5376052687499999 0.734811609375 0.5493330890625 0.7725406671874999 0.5165294171875
0 0.6830328531250001 0.46689040156250006 0.662082728125 0.4283250359375 0.6018325390625 0.41924543437499995 0.5625060515625 0.4470516953125 0.58368184375 0.48620746875 0.6459487828125 0.49623283906250004 0.6830328531250001 0.46689040156250006
0 0.5815486437499999 0.3829768265625 0.523981559375 0.37316608125 0.4841508859375 0.3990807640625 0.502049471875 0.4369124140625 0.5617954843749999 0.44712696249999995 0.6018782468749999 0.419509859375 0.5815486437499999 0.3829768265625
0 0.50685374375 0.33948359375 0.4489758859375 0.329470528125 0.4093973109375 0.354628575 0.42578334375000004 0.39000118281249996 0.483764684375 0.39926992656250004 0.5238474484375 0.3737335625 0.50685374375 0.33948359375
0 0.408836384375 0.35437529843750004 0.35246856875 0.3446031890625 0.3078481375 0.3693829171875 0.32171325156249997 0.4043771921875 0.382719709375 0.4168616421875 0.4253234 0.3894336953125 0.408836384375 0.35437529843750004
0 0.5021262171875 0.4371069921875 0.48406103749999996 0.3990186671875 0.4263317765625 0.3897499109375 0.382719709375 0.4173670125 0.3980973671875 0.4534962421875 0.4601122 0.465980684375 0.5021262171875 0.4371069921875
0 0.5828093171875001 0.48532775 0.561409284375 0.44582546093750003 0.5019153796875 0.436935021875 0.460067975 0.46474128593749997 0.478722828125 0.505788628125 0.5417460359375 0.5165706421875 0.5828093171875001 0.48532775
0 0.6679047734375 0.5373305296875001 0.6446814125 0.4955597703125 0.58266658125 0.485345221875 0.54081915625 0.516934665625 0.5619949578125001 0.559116940625 0.6275390921875 0.570655590625 0.6679047734375 0.5373305296875001
0 0.7618249421875001 0.5945335859374999 0.7348729953124999 0.548651140625 0.66756421875 0.538058275 0.6274814546874999 0.57116096875 0.652186559375 0.6180722203125 0.721007909375 0.6296108703125001 0.7618249421875001 0.5945335859374999
0 0.651675871875 0.6173332046875 0.6267178046875 0.5707042203125 0.5611232484374999 0.559123290625 0.5177892890625 0.59386609375 0.5382690328125 0.6417488312499999 0.6092061531249999 0.65488871875 0.651675871875 0.6173332046875
0 0.5618765531250001 0.5588894343749999 0.541510025 0.5168309 0.477399509375 0.5048045375 0.43287831250000003 0.5375429578124999 0.4497963578125 0.5820850234375 0.517468584375 0.5945567984375 0.5618765531250001 0.5588894343749999
0 0.46131615937500003 0.4659360078125 0.397765171875 0.454042084375 0.35354080312499997 0.48343985 0.367193965625 0.525977528125 0.4321949140625 0.5377811640625 0.4779033234375 0.5063790125 0.46131615937500003 0.4659360078125
0 0.38302006093749996 0.41639795468749996 0.32162372031249997 0.4054464203125 0.27502485625 0.433953340625 0.28897484375000004 0.47225953593750003 0.35249173125 0.4845086046875 0.3982001625 0.4544426921875 0.38302006093749996 0.41639795468749996
0 0.366321840625 0.5260496015625 0.35278855781249996 0.48254091875 0.28897484375000004 0.472518953125 0.238220675 0.502139425 0.25009299375 0.5475723359375 0.3177652078125 0.5587078515624999 0.366321840625 0.5260496015625
0 0.4490707984375 0.582545246875 0.43262988281250003 0.5365345265625 0.36911299531249997 0.5249535875 0.31895244375 0.5581374296875 0.3314183703125 0.603793046875 0.4002778328125 0.6171556671875 0.4490707984375 0.582545246875
0 0.5377569015625 0.641823928125 0.517527553125 0.593648440625 0.4495585453125 0.5811766578124999 0.4014756421875 0.6161421984375 0.4186905125 0.6684791156250001 0.49022122812499996 0.680060046875 0.5377569015625 0.641823928125