0 0.5297329562499999 0.3215149515625 0.6215670156249999 0.3342363921875 0.6772119921875001 0.2999233125 0.6408757078125 0.2572009671875 0.5589314640625 0.24553965781249998 0.5066566984375 0.27628313437499996 0.5297329562499999 0.3215149515625
0 0.7515475234375 0.396783503125 0.802409478125 0.36073943124999996 0.7655286343750001 0.31317080937499997 0.6761965 0.2996057921875 0.6215670156249999 0.335296509375 0.6540621515625 0.38441543125 0.7515475234375 0.396783503125
0 0.8932260109374999 0.468146225 0.9426751187500001 0.4275082875 0.8980035953125001 0.3741092921875 0.8018628890624999 0.3603673234375 0.75147190625 0.397471540625 0.7933859203125 0.45189104999999996 0.8932260109374999 0.468146225
0 0.7773738203125 0.562558446875 0.8927550734375 0.58164059375 0.946283359375 0.5317544953125 0.8932260109374999 0.46714759062500005 0.7929149828125001 0.4515991515625 0.734046996875 0.4957708375 0.7773738203125 0.562558446875
0 0.7345105046875 0.4972869734375 0.793378490625 0.45311530156249996 0.7525755265625 0.3961884515625 0.65397910625 0.3835007203125 0.5936982734375 0.42237180468749996 0.629490003125 0.47926493125 0.7345105046875 0.4972869734375
0 0.4989982890625 0.4084437703125 0.5922451578125 0.4232854453125 0.6530721109375001 0.38294095625 0.6219146734375001 0.3331752046875 0.5310224531250001 0.3208071328125 0.46885787343749996 0.35685123124999996 0.4989982890625 0.4084437703125
0 0.469328809375 0.3550843640625 0.5310224531250001 0.3208071328125 0.5088215968750001 0.2756362375 0.4203506375 0.26320726250000004 0.357715121875 0.2950108703125 0.3774947515625 0.34236291093750004 0.469328809375 0.3550843640625
0 0.309551634375 0.37770025937499996 0.376896590625 0.3420095421875 0.3580945296875 0.2946243140625 0.2714051515625 0.28087593125 0.198879803125 0.3130329125 0.212066228125 0.361798453125 0.309551634375 0.37770025937499996
0 0.32791841875 0.43183967343749996 0.42728760781249997 0.44880157187499997 0.49822360000000004 0.4067864484375 0.4692015859375 0.35409747812500003 0.3778385 0.34172940625 0.3090806625 0.3774201234375 0.32791841875 0.43183967343749996
0 0.45931177187500005 0.509554575 0.5648032453125 0.5293434718750001 0.62952100625 0.4787645109375 0.5940017531249999 0.42262467499999995 0.49792919218750004 0.4074296109375 0.4291713546875 0.44806755468750004 0.45931177187500005 0.509554575
0 0.6021584671875 0.597617784375 0.7175397203125 0.6191735625 0.7797043359375 0.5615736859375 0.7349646296875 0.4972597203125 0.6275894078124999 0.47923766562500003 0.563070109375 0.529770071875 0.6021584671875 0.597617784375
0 0.770189865625 0.7019207046875 0.8935771515625 0.722769746875 0.9539374671875 0.6580472921875 0.89310625 0.58106696875 0.777254025 0.5637516687499999 0.7179151015625 0.618877934375 0.770189865625 0.7019207046875
0 0.6965938390625 0.7721463359375 0.7695901421875 0.70041151875 0.717837646875 0.6183048046875 0.60334696875 0.5966154078125 0.5275249734375 0.6573956375 0.5684971140624999 0.748919390625 0.6965938390625 0.7721463359375
0 0.40893447343749995 0.63796865 0.528554228125 0.6577575734375001 0.6030260140625 0.5966672265625 0.5624621750000001 0.52736275 0.4602673640625 0.50898733125 0.3811487765625 0.56163998125 0.40893447343749995 0.63796865
0 0.2723431515625 0.5426802515625 0.38160211875 0.5610556625 0.4581867234375 0.5083505859375 0.428225571875 0.4483295140625 0.326972634375 0.43172095625000007 0.2549182046875 0.476952775 0.2723431515625 0.5426802515625
0 0.25538135781250004 0.4769677453125 0.3279066890625 0.4320893078125 0.31099232187500003 0.37720037500000003 0.211112625 0.36106123437500004 0.1315231 0.404172796875 0.1522446203125 0.45859232031249997 0.25538135781250004 0.4769677453125
0 0.06652620000000001 0.5790557859375001 0.17719799687499999 0.5991981046875 0.27272177656249996 0.5436772421875 0.2558456484375 0.4765774734375 0.1522379921875 0.4585554296875 0.0533397578125 0.50732096875 0.06652620000000001 0.5790557859375001
0 0.195564815625 0.681786446875 0.32130685625 0.7026354609375 0.408729403125 0.63861763125 0.38205859062499997 0.561639446875 0.2718577484375 0.5422039046875 0.17719799687499999 0.5994504125 0.195564815625 0.681786446875
0 0.34240103906249997 0.796954121875 0.47897476875 0.8238105015625001 0.569465690625 0.7468055171875 0.5274819671875 0.6570182109375 0.40974599375 0.6358158015625001 0.3188538453125 0.702250015625 0.34240103906249997 0.796954121875