0 0.443199003125 0.38531567187500004 0.3852363984375 0.366724315625 0.3203874109375 0.3843910734375 0.313815559375 0.4198341 0.3729622828125 0.4407917125 0.4390915921875 0.42229969843750004 0.443199003125 0.38531567187500004
0 0.5634350328125 0.38753633125000003 0.50342375625 0.3693530265625 0.441615421875 0.38534506562500004 0.4395294703125 0.421344603125 0.5029424265625 0.442631284375 0.565520984375 0.42478805625 0.5634350328125 0.38753633125000003
0 0.6844472578125 0.3906667265625 0.620256459375 0.3717001109375 0.56221043125 0.387223296875 0.564296384375 0.4241619515625 0.632298428125 0.44419648125 0.6894535296875001 0.4257271484375 0.6844472578125 0.3906667265625
0 0.76059125625 0.44543631718750004 0.6906690249999999 0.42568307812499995 0.6329309734375 0.44637544531250006 0.6387716453125 0.48644449375 0.7138658828125 0.509296384375 0.7743584875 0.4883227265625 0.76059125625 0.44543631718750004
0 0.631679390625 0.4457493640625 0.5654911296875 0.4245095359375 0.5044363234375 0.4432450515625 0.50360195625 0.483627134375 0.57243836875 0.5077311875 0.6391888296875 0.486131446875 0.631679390625 0.4457493640625
0 0.44083480937499997 0.42098890781250004 0.373844325 0.44011465625 0.368003653125 0.4820619375 0.4339197140625 0.506479025 0.5035905265625 0.48456625000000003 0.5031733421875 0.4432450515625 0.44083480937499997 0.42098890781250004
0 0.3135343265625 0.420119303125 0.24203465937500002 0.4378156125 0.2293758171875 0.48003157031250004 0.292670053125 0.5040418609375 0.3689747609375 0.48240619999999995 0.373546021875 0.44071795312499995 0.3135343265625 0.420119303125
0 0.229128 0.4801269265625 0.151645565625 0.5007331609375 0.132657315625 0.5506007515625 0.19981952812499998 0.5783049609375001 0.28245366875 0.552447690625 0.294057596875 0.5041632140625001 0.229128 0.4801269265625
0 0.3684863625 0.4821052 0.2927510078125 0.503899359375 0.28220196875000003 0.5527115359375 0.352528896875 0.5798880546875 0.43094346093749997 0.5545584953125 0.43481140937499996 0.506274009375 0.3684863625 0.4821052
0 0.5034485625 0.48309433593750006 0.43412800156250003 0.5054824625000001 0.43096328437500003 0.5527115359375 0.503400015625 0.5814711484374999 0.5765400328125 0.5561415890625 0.5723204281250001 0.5068017109375 0.5034485625 0.48309433593750006
0 0.6392899937500001 0.48606174687500003 0.5732212359375 0.507393271875 0.576385953125 0.5562054609375 0.6537455750000001 0.5844373609375 0.724424159375 0.558580090625 0.7114136890625 0.5097679234375 0.6392899937500001 0.48606174687500003
0 0.77425219375 0.48771030781249997 0.7115226671875 0.5102956140625 0.7227749640625001 0.5593716468750001 0.8036509328125 0.585756609375 0.8687033421875 0.5612185875 0.8497150921875001 0.5110871718750001 0.77425219375 0.48771030781249997
0 0.7241359375 0.5589281453125 0.65350295 0.584276496875 0.6633487046875 0.6425872765625 0.7509057359375 0.6747769109374999 0.8222875796875 0.6436426578125001 0.8036509328125 0.58559574375 0.7241359375 0.5589281453125
0 0.5764248656250001 0.5562904484375 0.50465831875 0.5813741453125 0.50465831875 0.6391572125 0.5879957453125 0.6718745687500001 0.66219065 0.6420595546875 0.6530481546875 0.5837487953125 0.5764248656250001 0.5562904484375
0 0.43091187499999994 0.55365275 0.353432359375 0.5797910515625 0.3442898640625 0.63862953125 0.422001115625 0.6697637640625 0.5032287390625 0.6404764609375 0.50358036875 0.581638 0.43091187499999994 0.55365275
0 0.2823215703125 0.5529933265625 0.199129378125 0.578207946875 0.181899303125 0.6359910359375001 0.2550392921875 0.6687083609375 0.3436512390625 0.6383656671875 0.352793734375 0.5803187515625 0.2823215703125 0.5529933265625
0 0.3443074671875 0.637729365625 0.2567091875 0.6683590984375 0.241237284375 0.738806946875 0.323168140625 0.778500134375 0.41599971875 0.73945039375 0.4223290984375 0.6695302515625 0.3443074671875 0.637729365625
0 0.5043277953125 0.6390482140625 0.42305135937499994 0.6700579484375 0.4177768390625 0.7402419499999999 0.506740415625 0.7790278453124999 0.59464905 0.7420888890625 0.58831966875 0.671904896875 0.5043277953125 0.6390482140625
0 0.663468890625 0.6420156234375 0.5881746109375 0.6721687484375 0.59344913125 0.7402419499999999 0.6887421406249999 0.7811386296875 0.768563221875 0.742880446875 0.7509814890625 0.6740156921875 0.663468890625 0.6420156234375