0 0.5385796703125 0.3355024078125 0.56966203125 0.280957359375 0.5165795937500001 0.24500238749999997 0.43279933125000003 0.259891690625 0.40121561093749997 0.3099226640625 0.4498445125 0.3494208015625 0.5385796703125 0.3355024078125
0 0.6904822296875001 0.3618345140625 0.7195593078125 0.30277539062500003 0.658228453125 0.2628651859375 0.5686593890625 0.280957359375 0.5380783484375 0.3347500734375 0.59422714375 0.3750005609375 0.6904822296875001 0.3618345140625
0 0.8639777687500001 0.388918940625 0.885534915625 0.3291074828125 0.8161732 0.287309015625 0.7185924578125 0.3020230421875 0.68951538125 0.3592012875 0.7576960703125 0.4050943796875 0.8639777687500001 0.388918940625
0 0.8018130078124999 0.52204938125 0.913609275 0.507002471875 0.9377655859375 0.43867273281249997 0.863476409375 0.389636571875 0.7576960703125 0.40543582968749997 0.7296216734375001 0.46976136406249996 0.8018130078124999 0.52204938125
0 0.6247114953125 0.4848082734375 0.730491834375 0.4708898796875 0.7585108328125 0.405297503125 0.6913881843749999 0.3617997828125 0.59563441875 0.3757181765625 0.565053378125 0.43665819375000003 0.6247114953125 0.4848082734375
0 0.46890954531249995 0.45245742343749995 0.5641619906249999 0.43778668125 0.5942984375 0.374742715625 0.5395968796874999 0.3347153640625 0.448355078125 0.3505146078125 0.4152673953125 0.4076928609375 0.46890954531249995 0.45245742343749995
0 0.4157570625 0.4069405125 0.45034874843750006 0.34938608437499996 0.4025083875 0.31081269843750003 0.31699533281250003 0.32493485624999996 0.2778916828125 0.37910373750000004 0.3275232265625 0.419354225 0.4157570625 0.4069405125
0 0.28652305 0.481130209375 0.3271306640625 0.42094256874999997 0.27840894375 0.3794434515625 0.19528123125000002 0.391977265625 0.15367095625 0.449155525 0.1962838921875 0.49392007343750005 0.28652305 0.481130209375
0 0.4314070390625 0.5148764828125 0.47000933125 0.4531841609375 0.41504368437499994 0.4076478703125 0.3266293421875 0.420833296875 0.28802705156249997 0.4802685875 0.3356532734375 0.52879490625 0.4314070390625 0.5148764828125
0 0.59336035 0.5539984546875 0.6259467125 0.48515884375 0.565467253125 0.43773258437499996 0.46852950625 0.4531841609375 0.4319325 0.5163811796875 0.4895852953125 0.567916834375 0.59336035 0.5539984546875
0 0.7723492703125 0.5957536234374999 0.801426271875 0.52277611875 0.73155994375 0.46969759375000003 0.6254599203125 0.48515884375 0.5913695953125 0.554374621875 0.6590489640625 0.60779116875 0.7723492703125 0.5957536234374999
0 0.8537702640625 0.6591551984375 0.9739124015625 0.64340104375 0.9990657734375 0.5639158375 0.9138413328125001 0.507302578125 0.8012809953125 0.52174390625 0.7738699515625 0.5974514046875 0.8537702640625 0.6591551984375
0 0.7025622328125001 0.758999121875 0.8232875312499999 0.7445577765625 0.85469631875 0.658521578125 0.7731311296875 0.5970813125000001 0.6605707921875 0.608896928125 0.6226618765625 0.692043903125 0.7025622328125001 0.758999121875
0 0.5135568 0.70365163125 0.623784271875 0.6900855875 0.659287159375 0.6065704484375 0.5917074953125 0.5552999484375001 0.48847857499999997 0.5688660265625 0.451152909375 0.6397597578124999 0.5135568 0.70365163125
0 0.45083731718750003 0.63966243125 0.4893294390625 0.568768715625 0.4317958984375 0.5157926859375 0.33652736562499996 0.528945684375 0.29395271875 0.5959008703124999 0.3464419875 0.6545414015625 0.45083731718750003 0.63966243125
0 0.29335595625 0.59525405625 0.3370970140625 0.53048695 0.28815558281250003 0.48188773749999997 0.19595922187499998 0.492851996875 0.151634915625 0.5549934171875 0.195375971875 0.608382525 0.29335595625 0.59525405625
0 0.19595922187499998 0.742581584375 0.2980216875 0.7303283171875 0.3464866765625 0.6525061828125 0.2910230921875 0.5946674765625 0.1947927671875 0.6099840234375 0.1487188453125 0.68087775625 0.19595922187499998 0.742581584375
0 0.4706622484375 0.787218346875 0.5144033046875001 0.7027585359375 0.4514826421875 0.6404753953125 0.34643762968749997 0.655058428125 0.2997805015625 0.73207876875 0.35926836562500003 0.8007844234375 0.4706622484375 0.787218346875
0 0.66545571875 0.851547828125 0.704531134375 0.75877333125 0.6264759203125 0.6891454015625 0.5126536453125 0.7045089890625 0.4724118640625 0.78853120625 0.545313625 0.864676296875 0.66545571875 0.851547828125