0 0.545185746875 0.38998570312499997 0.5697309765624999 0.35812827343750003 0.5321231984375 0.3291143875 0.4695598328125 0.33000415312500003 0.440370878125 0.36036824218749997 0.477852146875 0.39123013281249996 0.545185746875 0.38998570312499997
0 0.6529141234375 0.4205986640625 0.6767959765625 0.38774570625 0.6353796484374999 0.35679458125 0.56766911875 0.3573816171875 0.543787265625 0.389239028125 0.585580521875 0.422340878125 0.6529141234375 0.4205986640625
0 0.7705963296875 0.4527049671875 0.7885077078125 0.4183586859375 0.7431976296875 0.386029840625 0.6760639234375 0.3867501671875 0.65350881875 0.42034978125 0.698287315625 0.4551938265625 0.7705963296875 0.4527049671875
0 0.80178256875 0.5306405515625 0.8206890343750001 0.48882769843749996 0.770152125 0.45258671093749997 0.6976311 0.454481428125 0.6767344578125 0.492063225 0.7244981921875 0.5323827640625 0.80178256875 0.5306405515625
0 0.6004407625 0.49406221875 0.675403303125 0.49306667031250007 0.697997015625 0.454452790625 0.6535115734375 0.4201430640625 0.5845195359375001 0.42138749375 0.55632566875 0.4569781953125 0.6004407625 0.49406221875
0 0.48441842187499995 0.45997538281250006 0.555400634375 0.45773540468749996 0.5856175046875001 0.4217963828125 0.5444547703125 0.39003840156249997 0.47645779531250004 0.3902872828125 0.4459420890625 0.42513134687500004 0.48441842187499995 0.45997538281250006
0 0.44667166406250003 0.42463355468749997 0.4771873953125 0.39053616562500004 0.4408925984375 0.35990471562500004 0.3740309890625 0.3609187328125 0.34119343281250003 0.39128283124999996 0.3736993015625 0.42438467187500006 0.44667166406250003 0.42463355468749997
0 0.339105703125 0.461717578125 0.3762552609375 0.425629103125 0.3413683078125 0.39193909531250004 0.26911856562500003 0.3930250265625 0.2309739203125 0.4283668453125 0.26281640156249997 0.46345977187500004 0.339105703125 0.461717578125
0 0.3759235734375 0.49997335625000006 0.45254455 0.49698673125 0.48526384531250005 0.45849596562499995 0.44723747343750003 0.424063115625 0.374596796875 0.424809771875 0.338773990625 0.46214269531249996 0.3759235734375 0.49997335625000006
0 0.49261286875000004 0.537483221875 0.571887396875 0.5362387921875 0.6001314625 0.49332946718750004 0.55795631875 0.45783969999999996 0.4839888671875 0.4598307859375 0.4528097609375 0.49766146562499997 0.49261286875000004 0.537483221875
0 0.61958603125 0.579287046875 0.701182421875 0.5775448515625 0.7253661953125 0.5331391828125 0.6769688546875 0.49242581718749995 0.601011253125 0.49441690312500003 0.5728173859375 0.5369764203125 0.61958603125 0.579287046875
0 0.8376913765625 0.6205927109375 0.8569295546875001 0.5728066 0.8016681515625 0.5309620890625 0.72458421875 0.5327359421875 0.7003706515625 0.5767887734375 0.7550999234375 0.6225838078125 0.8376913765625 0.6205927109375
0 0.6425690375 0.6787499593749999 0.7307992546875 0.6755144515625 0.754808796875 0.62240003125 0.7009469234375 0.575960028125 0.619018871875 0.5791955453125001 0.589166540625 0.627230546875 0.6425690375 0.6787499593749999
0 0.5032432921875001 0.6294822078125 0.5891516718750001 0.628237778125 0.6187922671874999 0.5791691671875 0.5722353296875 0.535901053125 0.49262911562499995 0.537394365625 0.45945987187500004 0.5829405078125001 0.5032432921875001 0.6294822078125
0 0.37734323281250004 0.5869949796875 0.4582762234375 0.5820172578125 0.49231348124999996 0.5374933703125 0.451974059375 0.49664935000000004 0.3750213953125 0.49913821093750005 0.336213375 0.542444384375 0.37734323281250004 0.5869949796875
0 0.3359473125 0.5425162968749999 0.37641381875 0.49970789687500006 0.3392948859375 0.4616060984375 0.2629749484375 0.4638683125 0.220186615625 0.504436753125 0.253687571875 0.544009609375 0.3359473125 0.5425162968749999
0 0.25401925937500003 0.5436112453125 0.20758228750000002 0.5923929046875 0.24516149375000001 0.6401277953125 0.33462053593749996 0.6376901640625 0.37674550625 0.5856729890625 0.3372740875 0.5421179328125 0.25401925937500003 0.5436112453125
0 0.467646896875 0.6852202390625 0.5057915421875 0.6317097515625 0.458724034375 0.582901328125 0.3760997296875 0.586661371875 0.333311396875 0.6369363640625 0.37808990468750003 0.6901979593750001 0.467646896875 0.6852202390625
0 0.5177412796875001 0.74045600625 0.6106151984375 0.7377182624999999 0.6420146015625 0.6786934578125 0.59005024375 0.627959515625 0.5041418906249999 0.6306972578125001 0.46765570937499995 0.6861988421875 0.5177412796875001 0.74045600625