0 0.7383311921875 0.45687151562499995 0.74455524375 0.416635578125 0.6920643734375 0.387961884375 0.628691721875 0.39795459218749996 0.6157648124999999 0.43783129218749994 0.67082393125 0.468008259375 0.7383311921875 0.45687151562499995
0 0.550651390625 0.44824953437500004 0.6167223468749999 0.43783129218749994 0.6274190234375 0.3982871828125 0.5784203515625 0.3717293921875 0.5142645015625 0.38106986875 0.499901253125 0.41879107031249996 0.550651390625 0.44824953437500004
0 0.43239399218749996 0.42849080937500006 0.5003800203125001 0.418431825 0.5142896609375 0.3803301421875 0.467344559375 0.3544854046875 0.4041462625 0.363107390625 0.38547405 0.40011009062499997 0.43239399218749996 0.42849080937500006
0 0.41561302031249997 0.469797984375 0.4328489109375 0.4284842875 0.3855975296875 0.4000828875 0.31698537031249996 0.409803309375 0.2944829625 0.45111700624999995 0.3433180109375 0.4820124609375 0.41561302031249997 0.469797984375
0 0.5353067578124999 0.48955670937500007 0.5506275421875 0.44788375468749997 0.5005225953125 0.4180399296875 0.4333276796875 0.4284842875 0.41465548593749996 0.47051648593750006 0.4644480515625 0.5017711859375 0.5353067578124999 0.48955670937500007
0 0.5904956140625 0.522966940625 0.66231185625 0.511470925 0.671713059375 0.4678707203125 0.6173070046875 0.43710626875 0.5512360468749999 0.44788375468749997 0.5354364953124999 0.4909936984375 0.5904956140625 0.522966940625
0 0.72313375 0.54712414375 0.7925561171875 0.5338319078125 0.79801091875 0.48762346562500003 0.7370182296875 0.4562339984375 0.670947271875 0.4677299875 0.6618505781249999 0.5129954234375 0.72313375 0.54712414375
0 0.77916156875 0.635472890625 0.8548079890625001 0.620384434375 0.8572691562499999 0.568430153125 0.7920884781249999 0.5330867734375 0.72218734375 0.5456605062500001 0.714048146875 0.597033215625 0.77916156875 0.635472890625
0 0.6398380296874999 0.6124809156250001 0.7130906125 0.5963146859374999 0.7213942078125 0.5450859984374999 0.661382903125 0.5122503093749999 0.5900454640625 0.5233870328125 0.578076090625 0.572963465625 0.6398380296874999 0.6124809156250001
0 0.5031384453125 0.5866149453125 0.578784884375 0.5704487171875 0.590307803125 0.523088621875 0.5356951375000001 0.49069533749999994 0.463400128125 0.5018320609375 0.4461642375 0.54889374375 0.5031384453125 0.5866149453125
0 0.369771625 0.563263725 0.4468543859375 0.54889374375 0.4646085125 0.501091246875 0.4157340140625 0.4709365984375 0.341523896875 0.48207333593749996 0.3180639171875 0.5280572734375 0.369771625 0.563263725
0 0.238689196875 0.54099733125 0.31864459843750004 0.5287828421875 0.3419020609375 0.4813385 0.2947058515625 0.45046644531249996 0.22049573437499997 0.4608846796875 0.192726790625 0.5065093671875001 0.238689196875 0.54099733125
0 0.26167037187500003 0.632952190625 0.3464135609375 0.6175044359374999 0.3694361921875 0.563043040625 0.31864459843750004 0.52769204375 0.238689196875 0.54134353125 0.2094839140625 0.5927162125 0.26167037187500003 0.632952190625
0 0.400993875 0.657381128125 0.48525829531250003 0.6404963968749999 0.5023183 0.58593826875 0.4464774953125 0.5492470234375 0.369873503125 0.5621800015625 0.34593475625000003 0.617145178125 0.400993875 0.657381128125
0 0.545127025 0.6839601640625 0.626518765625 0.6670754609375 0.638791815625 0.6106292 0.5781624671875 0.5711558046875 0.5020372796875 0.5858850437500001 0.48384381718749997 0.64192799375 0.545127025 0.6839601640625
0 0.6935587859375001 0.712697953125 0.774471759375 0.6950947203125 0.7800538765625 0.6357690593750001 0.71366731875 0.5955825953125 0.6384996671875001 0.61138958125 0.6265302937499999 0.6692287515625 0.6935587859375001 0.712697953125
0 0.5963622890625 0.799703728125 0.6825417796875 0.779585759375 0.6950572140625 0.7125354109375001 0.62700389375 0.668577646875 0.5436970453125001 0.6847438765625 0.5274186890625 0.7483310734375 0.5963622890625 0.799703728125
0 0.43979136875 0.76961753125 0.528364734375 0.7477033140625 0.5442180640625 0.6838041453125 0.4847961859375 0.6413654421875 0.40148937343749996 0.656813184375 0.377071821875 0.720400340625 0.43979136875 0.76961753125
0 0.2874040296875 0.7390813203125 0.37741373437500003 0.719681853125 0.402357434375 0.65641965625 0.34677212968750004 0.6172957421875 0.26107140625 0.6327434625 0.230429803125 0.6920196359374999 0.2874040296875 0.7390813203125