1 0.315625 0.95625 0.0265625 0.0546875
1 0.49453125 0.41328125 0.04375 0.0125
1 0.55078125 0.42265625 0.034375 0.0265625
1 0.37578125 0.30625 0.0421875 0.0140625
1 0.3234375 0.32890625 0.0265625 0.0265625
1 0.20859375 0.4640625 0.03125 0.03125
1 0.37265625 0.51328125 0.0421875 0.0265625
1 0.53046875 0.30859375 0.0234375 0.028125
1 0.578125 0.6171875 0.0390625 0.034375
1 0.45234375 0.6359375 0.034375 0.0390625
1 0.559375 0.50625 0.028125 0.03125
0 0.40859375 0.37578125 0.03125 0.028125
0 0.34140625 0.38515625 0.0375 0.028125
0 0.22734375 0.525 0.0421875 0.0328125
0 0.58203125 0.7125 0.034375 0.0359375
2 0.346875 0.66953125 0.0265625 0.0265625
7 0.70859375 0.63984375 0.0296875 0.03125
7 0.3453125 0.56640625 0.034375 0.021875
7 0.18203125 0.58046875 0.0375 0.021875
7 0.475 0.59921875 0.0359375 0.025
8 0.50703125 0.45859375 0.0328125 0.0265625
8 0.3875 0.62265625 0.03125 0.0234375
8 0.84765625 0.51171875 0.0359375 0.0265625
8 0.78828125 0.33125 0.025 0.025
6 0.825 0.41796875 0.0265625 0.0359375
6 0.46328125 0.5 0.0375 0.03125
6 0.66484375 0.30703125 0.0265625 0.0359375
8 0.440625 0.26328125 0.0265625 0.0234375
6 0.30078125 0.621875 0.034375 0.03125
7 0.8390625 0.54765625 0.025 0.0359375
7 0.784375 0.571875 0.0546875 0.021875
7 0.81328125 0.484375 0.0390625 0.0265625
7 0.80625 0.4546875 0.025 0.034375
7 0.7546875 0.315625 0.0359375 0.0265625
7 0.7046875 0.30546875 0.0421875 0.0140625
7 0.56875 0.5765625 0.028125 0.0359375
7 0.4390625 0.478125 0.0359375 0.0296875
7 0.446875 0.5765625 0.034375 0.0328125
7 0.39765625 0.6640625 0.0515625 0.015625
7 0.2625 0.43671875 0.046875 0.015625
7 0.2046875 0.50234375 0.03125 0.0203125
4 0.6328125 0.2921875 0.03125 0.0234375
4 0.6015625 0.35546875 0.0453125 0.0140625
4 0.434375 0.4375 0.021875 0.0328125
4 0.378125 0.3828125 0.046875 0.015625
4 0.26953125 0.3546875 0.040625 0.0140625
4 0.45390625 0.684375 0.0421875 0.034375
4 0.259375 0.62265625 0.0515625 0.0171875
4 0.31953125 0.54375 0.03125 0.028125
4 0.5390625 0.3875 0.0265625 0.03125
3 0.7578125 0.38046875 0.040625 0.03125
3 0.55 0.28515625 0.0328125 0.025
3 0.30234375 0.35078125 0.0296875 0.028125
3 0.61171875 0.64765625 0.0390625 0.03125
5 0.625 0.478125 0.028125 0.025
5 0.71015625 0.47421875 0.03125 0.0234375
5 0.45234375 0.41328125 0.03125 0.0234375
5 0.44765625 0.334375 0.0265625 0.0234375
9 0.6546875 0.4359375 0.0234375 0.0328125
9 0.58828125 0.53984375 0.0390625 0.034375
9 0.33671875 0.46875 0.0421875 0.03125
9 0.559375 0.36015625 0.0375 0.0296875
11 0.2015625 0.4015625 0.0203125 0.025
11 0.5765625 0.4421875 0.0296875 0.028125
11 0.728125 0.434375 0.025 0.025
11 0.73046875 0.57421875 0.03125 0.028125
11 0.51796875 0.32734375 0.028125 0.021875
10 0.39296875 0.55859375 0.0484375 0.0171875
10 0.20625 0.5515625 0.034375 0.034375
10 0.2046875 0.60546875 0.028125 0.0328125
10 0.5828125 0.284375 0.04375 0.015625
10 0.52421875 0.27421875 0.021875 0.028125
10 0.4796875 0.2609375 0.046875 0.015625
10 0.70234375 0.54765625 0.0453125 0.03125
10 0.68671875 0.50546875 0.0265625 0.0328125
10 0.31796875 0.41328125 0.0296875 0.03125
4 0.02421875 0.65546875 0.0484375 0.0265625
4 0.02109375 0.65078125 0.0421875 0.0265625
4 0.01953125 0.64453125 0.0390625 0.0265625
4 0.01640625 0.63828125 0.0328125 0.021875
4 0.01328125 0.63203125 0.0265625 0.0171875