1 0.684375 0.04375 0.0265625 0.0546875
1 0.50546875 0.58671875 0.04375 0.0125
1 0.44921875 0.57734375 0.034375 0.0265625
1 0.62421875 0.69375 0.0421875 0.0140625
1 0.6765625 0.67109375 0.0265625 0.0265625
1 0.79140625 0.5359375 0.03125 0.03125
1 0.62734375 0.48671875 0.0421875 0.0265625
1 0.46953125 0.69140625 0.0234375 0.028125
1 0.421875 0.3828125 0.0390625 0.034375
1 0.54765625 0.3640625 0.034375 0.0390625
1 0.440625 0.49375 0.028125 0.03125
0 0.59140625 0.62421875 0.03125 0.028125
0 0.65859375 0.61484375 0.0375 0.028125
0 0.77265625 0.475 0.0421875 0.0328125
0 0.41796875 0.2875 0.034375 0.0359375
2 0.653125 0.33046875 0.0265625 0.0265625
7 0.29140625 0.36015625 0.0296875 0.03125
7 0.6546875 0.43359375 0.034375 0.021875
7 0.81796875 0.41953125 0.0375 0.021875
7 0.525 0.40078125 0.0359375 0.025
8 0.49296875 0.54140625 0.0328125 0.0265625
8 0.6125 0.37734375 0.03125 0.0234375
8 0.15234375 0.48828125 0.0359375 0.0265625
8 0.21171875 0.66875 0.025 0.025
6 0.175 0.58203125 0.0265625 0.0359375
6 0.53671875 0.5 0.0375 0.03125
6 0.33515625 0.69296875 0.0265625 0.0359375
8 0.559375 0.73671875 0.0265625 0.0234375
6 0.69921875 0.378125 0.034375 0.03125
7 0.1609375 0.45234375 0.025 0.0359375
7 0.215625 0.428125 0.0546875 0.021875
7 0.18671875 0.515625 0.0390625 0.0265625
7 0.19375 0.5453125 0.025 0.034375
7 0.2453125 0.684375 0.0359375 0.0265625
7 0.2953125 0.69453125 0.0421875 0.0140625
7 0.43125 0.4234375 0.028125 0.0359375
7 0.5609375 0.521875 0.0359375 0.0296875
7 0.553125 0.4234375 0.034375 0.0328125
7 0.60234375 0.3359375 0.0515625 0.015625
7 0.7375 0.56328125 0.046875 0.015625
7 0.7953125 0.49765625 0.03125 0.0203125
4 0.3671875 0.7078125 0.03125 0.0234375
4 0.3984375 0.64453125 0.0453125 0.0140625
4 0.565625 0.5625 0.021875 0.0328125
4 0.621875 0.6171875 0.046875 0.015625
4 0.73046875 0.6453125 0.040625 0.0140625
4 0.54609375 0.315625 0.0421875 0.034375
4 0.740625 0.37734375 0.0515625 0.0171875
4 0.68046875 0.45625 0.03125 0.028125
4 0.4609375 0.6125 0.0265625 0.03125
3 0.2421875 0.61953125 0.040625 0.03125
3 0.45 0.71484375 0.0328125 0.025
3 0.69765625 0.64921875 0.0296875 0.028125
3 0.38828125 0.35234375 0.0390625 0.03125
5 0.375 0.521875 0.028125 0.025
5 0.28984375 0.52578125 0.03125 0.0234375
5 0.54765625 0.58671875 0.03125 0.0234375
5 0.55234375 0.665625 0.0265625 0.0234375
9 0.3453125 0.5640625 0.0234375 0.0328125
9 0.41171875 0.46015625 0.0390625 0.034375
9 0.66328125 0.53125 0.0421875 0.03125
9 0.440625 0.63984375 0.0375 0.0296875
11 0.7984375 0.5984375 0.0203125 0.025
11 0.4234375 0.5578125 0.0296875 0.028125
11 0.271875 0.565625 0.025 0.025
11 0.26953125 0.42578125 0.03125 0.028125
11 0.48203125 0.67265625 0.028125 0.021875
10 0.60703125 0.44140625 0.0484375 0.0171875
10 0.79375 0.4484375 0.034375 0.034375
10 0.7953125 0.39453125 0.028125 0.0328125
10 0.4171875 0.715625 0.04375 0.015625
10 0.47578125 0.72578125 0.021875 0.028125
10 0.5203125 0.7390625 0.046875 0.015625
10 0.29765625 0.45234375 0.0453125 0.03125
10 0.31328125 0.49453125 0.0265625 0.0328125
10 0.68203125 0.58671875 0.0296875 0.03125
4 0.97578125 0.34453125 0.0484375 0.0265625
4 0.97890625 0.34921875 0.0421875 0.0265625
4 0.98046875 0.35546875 0.0390625 0.0265625
4 0.98359375 0.36171875 0.0328125 0.021875
4 0.98671875 0.36796875 0.0265625 0.0171875