1 0.93125 0.3203125 0.04375 0.0234375
1 0.32734375 0.26875 0.015625 0.034375
1 0.3125 0.20859375 0.0171875 0.034375
1 0.278125 0.2421875 0.0125 0.0328125
1 0.20859375 0.28046875 0.028125 0.0296875
4 0.78359375 0.3109375 0.03125 0.03125
4 0.6953125 0.196875 0.04375 0.0265625
4 0.60703125 0.1359375 0.040625 0.0328125
4 0.4953125 0.20078125 0.034375 0.0328125
4 0.3859375 0.23828125 0.040625 0.0296875
7 0.3453125 0.140625 0.0296875 0.0390625
7 0.44296875 0.1609375 0.05 0.0296875
7 0.4296875 0.22421875 0.01875 0.034375
10 0.71015625 0.259375 0.0421875 0.025
10 0.578125 0.1875 0.0453125 0.0171875
10 0.52265625 0.10078125 0.028125 0.0390625
10 0.4625 0.11640625 0.0359375 0.0328125
10 0.38359375 0.11640625 0.01875 0.0390625
10 0.640625 0.59140625 0.0390625 0.0140625
10 0.56171875 0.4484375 0.0140625 0.028125
10 0.546875 0.32890625 0.0484375 0.0140625
10 0.484375 0.3421875 0.0296875 0.0234375
10 0.3515625 0.44375 0.03125 0.01875
10 0.44140625 0.6234375 0.0359375 0.0078125
10 0.59765625 0.5984375 0.028125 0.01875
11 0.53671875 0.6328125 0.0265625 0.0140625
11 0.33984375 0.575 0.025 0.0140625
11 0.27734375 0.375 0.0265625 0.015625
11 0.675 0.596875 0.0265625 0.01875
11 0.4953125 0.5671875 0.028125 0.0171875
9 0.434375 0.44296875 0.0265625 0.025
9 0.39609375 0.5890625 0.0359375 0.021875
9 0.60546875 0.5484375 0.0328125 0.0234375
9 0.51796875 0.6046875 0.03125 0.021875
8 0.4890625 0.5296875 0.0203125 0.021875
8 0.4515625 0.6875 0.0203125 0.01875
8 0.6296875 0.43125 0.028125 0.01875
8 0.64765625 0.65703125 0.0234375 0.0171875
8 0.215625 0.55546875 0.0234375 0.0203125
7 0.67421875 0.64296875 0.03125 0.0171875
7 0.68515625 0.61640625 0.0140625 0.0234375
7 0.61171875 0.6515625 0.0328125 0.0140625
7 0.58125 0.65703125 0.028125 0.01875
7 0.42109375 0.6796875 0.034375 0.0125
7 0.3921875 0.6625 0.0171875 0.0203125
7 0.63359375 0.52734375 0.03125 0.0203125
7 0.59765625 0.46953125 0.0390625 0.0125
7 0.67265625 0.42421875 0.0203125 0.028125
7 0.48671875 0.49140625 0.0390625 0.015625
7 0.35859375 0.40390625 0.0234375 0.0296875
7 0.42109375 0.35234375 0.04375 0.0171875
6 0.55234375 0.6765625 0.028125 0.0265625
6 0.5203125 0.49921875 0.0296875 0.025
6 0.6015625 0.3859375 0.0390625 0.0203125
6 0.38203125 0.64765625 0.03125 0.021875
4 0.58828125 0.359375 0.01875 0.0328125
4 0.51640625 0.4125 0.0390625 0.015625
4 0.4328125 0.5 0.0296875 0.0203125
4 0.33359375 0.51953125 0.0265625 0.01875
4 0.246875 0.43046875 0.0234375 0.028125
4 0.70859375 0.4484375 0.0390625 0.015625
4 0.41953125 0.56484375 0.03125 0.01875
4 0.34453125 0.63984375 0.0359375 0.0125
5 0.57265625 0.615625 0.021875 0.0203125
5 0.5515625 0.5796875 0.025 0.0203125
5 0.31484375 0.5390625 0.025 0.0140625
5 0.41328125 0.5171875 0.0234375 0.0171875
5 0.58671875 0.49921875 0.0265625 0.01875
3 0.49453125 0.6625 0.0171875 0.0234375
3 0.30234375 0.60390625 0.03125 0.0234375
3 0.26171875 0.45546875 0.0359375 0.0203125
3 0.715625 0.5296875 0.034375 0.0234375
2 0.728125 0.5703125 0.025 0.0203125
2 0.63125 0.4796875 0.021875 0.0203125
2 0.55234375 0.42265625 0.0171875 0.0203125
2 0.66484375 0.39765625 0.025 0.015625
2 0.51015625 0.321875 0.0234375 0.0203125
1 0.5578125 0.54296875 0.0375 0.0125
1 0.67421875 0.521875 0.0390625 0.0125
1 0.4625 0.5609375 0.0359375 0.0125
1 0.4296875 0.53671875 0.0203125 0.0265625
1 0.5 0.4484375 0.021875 0.028125
1 0.66015625 0.45859375 0.03125 0.025
1 0.36875 0.3625 0.03125 0.0265625
1 0.23984375 0.46796875 0.0265625 0.0265625
1 0.23828125 0.5078125 0.0234375 0.028125
1 0.31953125 0.58671875 0.0265625 0.015625
0 0.35 0.5078125 0.0328125 0.021875
0 0.33046875 0.46484375 0.034375 0.021875
0 0.76640625 0.5015625 0.0359375 0.025
0 0.46171875 0.36328125 0.0359375 0.0234375