1 0.06875 0.6796875 0.04375 0.0234375
1 0.67265625 0.73125 0.015625 0.034375
1 0.6875 0.79140625 0.0171875 0.034375
1 0.721875 0.7578125 0.0125 0.0328125
1 0.79140625 0.71953125 0.028125 0.0296875
4 0.21640625 0.6890625 0.03125 0.03125
4 0.3046875 0.803125 0.04375 0.0265625
4 0.39296875 0.8640625 0.040625 0.0328125
4 0.5046875 0.79921875 0.034375 0.0328125
4 0.6140625 0.76171875 0.040625 0.0296875
7 0.6546875 0.859375 0.0296875 0.0390625
7 0.55703125 0.8390625 0.05 0.0296875
7 0.5703125 0.77578125 0.01875 0.034375
10 0.28984375 0.740625 0.0421875 0.025
10 0.421875 0.8125 0.0453125 0.0171875
10 0.47734375 0.89921875 0.028125 0.0390625
10 0.5375 0.88359375 0.0359375 0.0328125
10 0.61640625 0.88359375 0.01875 0.0390625
10 0.359375 0.40859375 0.0390625 0.0140625
10 0.43828125 0.5515625 0.0140625 0.028125
10 0.453125 0.67109375 0.0484375 0.0140625
10 0.515625 0.6578125 0.0296875 0.0234375
10 0.6484375 0.55625 0.03125 0.01875
10 0.55859375 0.3765625 0.0359375 0.0078125
10 0.40234375 0.4015625 0.028125 0.01875
11 0.46328125 0.3671875 0.0265625 0.0140625
11 0.66015625 0.425 0.025 0.0140625
11 0.72265625 0.625 0.0265625 0.015625
11 0.325 0.403125 0.0265625 0.01875
11 0.5046875 0.4328125 0.028125 0.0171875
9 0.565625 0.55703125 0.0265625 0.025
9 0.60390625 0.4109375 0.0359375 0.021875
9 0.39453125 0.4515625 0.0328125 0.0234375
9 0.48203125 0.3953125 0.03125 0.021875
8 0.5109375 0.4703125 0.0203125 0.021875
8 0.5484375 0.3125 0.0203125 0.01875
8 0.3703125 0.56875 0.028125 0.01875
8 0.35234375 0.34296875 0.0234375 0.0171875
8 0.784375 0.44453125 0.0234375 0.0203125
7 0.32578125 0.35703125 0.03125 0.0171875
7 0.31484375 0.38359375 0.0140625 0.0234375
7 0.38828125 0.3484375 0.0328125 0.0140625
7 0.41875 0.34296875 0.028125 0.01875
7 0.57890625 0.3203125 0.034375 0.0125
7 0.6078125 0.3375 0.0171875 0.0203125
7 0.36640625 0.47265625 0.03125 0.0203125
7 0.40234375 0.53046875 0.0390625 0.0125
7 0.32734375 0.57578125 0.0203125 0.028125
7 0.51328125 0.50859375 0.0390625 0.015625
7 0.64140625 0.59609375 0.0234375 0.0296875
7 0.57890625 0.64765625 0.04375 0.0171875
6 0.44765625 0.3234375 0.028125 0.0265625
6 0.4796875 0.50078125 0.0296875 0.025
6 0.3984375 0.6140625 0.0390625 0.0203125
6 0.61796875 0.35234375 0.03125 0.021875
4 0.41171875 0.640625 0.01875 0.0328125
4 0.48359375 0.5875 0.0390625 0.015625
4 0.5671875 0.5 0.0296875 0.0203125
4 0.66640625 0.48046875 0.0265625 0.01875
4 0.753125 0.56953125 0.0234375 0.028125
4 0.29140625 0.5515625 0.0390625 0.015625
4 0.58046875 0.43515625 0.03125 0.01875
4 0.65546875 0.36015625 0.0359375 0.0125
5 0.42734375 0.384375 0.021875 0.0203125
5 0.4484375 0.4203125 0.025 0.0203125
5 0.68515625 0.4609375 0.025 0.0140625
5 0.58671875 0.4828125 0.0234375 0.0171875
5 0.41328125 0.50078125 0.0265625 0.01875
3 0.50546875 0.3375 0.0171875 0.0234375
3 0.69765625 0.39609375 0.03125 0.0234375
3 0.73828125 0.54453125 0.0359375 0.0203125
3 0.284375 0.4703125 0.034375 0.0234375
2 0.271875 0.4296875 0.025 0.0203125
2 0.36875 0.5203125 0.021875 0.0203125
2 0.44765625 0.57734375 0.0171875 0.0203125
2 0.33515625 0.60234375 0.025 0.015625
2 0.48984375 0.678125 0.0234375 0.0203125
1 0.4421875 0.45703125 0.0375 0.0125
1 0.32578125 0.478125 0.0390625 0.0125
1 0.5375 0.4390625 0.0359375 0.0125
1 0.5703125 0.46328125 0.0203125 0.0265625
1 0.5 0.5515625 0.021875 0.028125
1 0.33984375 0.54140625 0.03125 0.025
1 0.63125 0.6375 0.03125 0.0265625
1 0.76015625 0.53203125 0.0265625 0.0265625
1 0.76171875 0.4921875 0.0234375 0.028125
1 0.68046875 0.41328125 0.0265625 0.015625
0 0.65 0.4921875 0.0328125 0.021875
0 0.66953125 0.53515625 0.034375 0.021875
0 0.23359375 0.4984375 0.0359375 0.025
0 0.53828125 0.63671875 0.0359375 0.0234375