10 0.6421875 0.41015625 0.040625 0.01953125
10 0.709375 0.4890625 0.0421875 0.0265625
10 0.28125 0.396875 0.02890625 0.02890625
10 0.14453125 0.3828125 0.0265625 0.02578125
10 0.375 0.35078125 0.0203125 0.0234375
10 0.475 0.33125 0.040625 0.0140625
10 0.53984375 0.34609375 0.04140625 0.01640625
10 0.4421875 0.3953125 0.04453125 0.0171875
10 0.44453125 0.27421875 0.03359375 0.02109375
10 0.6984375 0.33671875 0.01640625 0.02265625
10 0.19453125 0.3640625 0.046875 0.0171875
9 0.5984375 0.496875 0.028125 0.0390625
9 0.346875 0.5375 0.04765625 0.0328125
11 0.50546875 0.56015625 0.040625 0.028125
11 0.1921875 0.5109375 0.03828125 0.025
11 0.28515625 0.375 0.03203125 0.01953125
8 0.69375 0.31640625 0.0296875 0.02265625
8 0.39140625 0.33203125 0.0234375 0.02421875
8 0.746875 0.51015625 0.0296875 0.03203125
6 0.75546875 0.4171875 0.03125 0.03828125
6 0.31484375 0.44765625 0.0453125 0.03125
7 0.721875 0.428125 0.0453125 0.01796875
7 0.65390625 0.4859375 0.0453125 0.02109375
7 0.61015625 0.55859375 0.04765625 0.0234375
7 0.653125 0.61328125 0.0171875 0.040625
7 0.61640625 0.65546875 0.05859375 0.0234375
7 0.33203125 0.57109375 0.03515625 0.0390625
7 0.16640625 0.49296875 0.0234375 0.02890625
7 0.1421875 0.41015625 0.03046875 0.02109375
7 0.2265625 0.42734375 0.04609375 0.015625
7 0.25078125 0.33046875 0.02265625 0.02109375
7 0.4609375 0.309375 0.01640625 0.02265625
7 0.50078125 0.28671875 0.0390625 0.01328125
7 0.4453125 0.49765625 0.025 0.03203125
5 0.45859375 0.4671875 0.03359375 0.025
5 0.68125 0.42578125 0.03203125 0.0234375
4 0.2953125 0.3109375 0.0421875 0.01328125
4 0.2234375 0.47265625 0.0421875 0.02109375
4 0.16015625 0.46171875 0.028125 0.02890625
4 0.271875 0.603125 0.0546875 0.01953125
4 0.40390625 0.525 0.0515625 0.015625
4 0.4703125 0.53125 0.04140625 0.02421875
4 0.5875 0.40703125 0.04609375 0.0125
4 0.6078125 0.35 0.0359375 0.01953125
4 0.6671875 0.3609375 0.04296875 0.0140625
4 0.38828125 0.3875 0.040625 0.01796875
4 0.33828125 0.36953125 0.04609375 0.01640625
4 0.25546875 0.35703125 0.03359375 0.0234375
4 0.659375 0.303125 0.0375 0.0203125
3 0.175 0.42421875 0.0453125 0.03359375
3 0.66796875 0.57734375 0.0453125 0.034375
2 0.63359375 0.3640625 0.021875 0.0234375
2 0.5578125 0.6625 0.040625 0.0328125
1 0.30625 0.51640625 0.040625 0.02578125
1 0.28046875 0.4390625 0.03671875 0.0234375
1 0.3671875 0.4421875 0.03984375 0.0234375
1 0.40703125 0.4140625 0.0234375 0.03125
1 0.42265625 0.328125 0.040625 0.01875
1 0.39453125 0.26953125 0.0359375 0.01328125
1 0.55390625 0.29375 0.03828125 0.0140625
1 0.6234375 0.38515625 0.015625 0.025
1 0.6796875 0.45625 0.01171875 0.03046875
1 0.55625 0.47265625 0.040625 0.02265625
1 0.58984375 0.528125 0.01484375 0.0359375
0 0.4890625 0.38515625 0.0390625 0.0328125
0 0.4671875 0.28984375 0.0296875 0.025
4 0.790625 0.43046875 0.040625 0.0234375