2 0.5109375 0.36171875 0.025 0.01953125
2 0.74140625 0.55546875 0.02734375 0.025
1 0.39140625 0.5515625 0.03046875 0.028125
1 0.45859375 0.53125 0.0390625 0.0171875
1 0.5 0.51328125 0.0203125 0.0265625
1 0.5046875 0.55078125 0.03046875 0.03203125
1 0.59375 0.47109375 0.025 0.025
1 0.590625 0.43125 0.02265625 0.0234375
1 0.7125 0.46953125 0.0359375 0.01875
1 0.71875 0.5375 0.04375 0.01953125
1 0.7421875 0.67265625 0.03671875 0.03203125
1 0.5625 0.6515625 0.053125 0.0109375
1 0.5 0.684375 0.03203125 0.03359375
0 0.62109375 0.5203125 0.040625 0.03203125
0 0.74765625 0.63671875 0.040625 0.0265625
3 0.30390625 0.578125 0.04140625 0.028125
3 0.61328125 0.38515625 0.0171875 0.03046875
4 0.55390625 0.490625 0.03828125 0.01328125
4 0.503125 0.4453125 0.0234375 0.0234375
4 0.46328125 0.459375 0.03671875 0.01015625
4 0.34140625 0.52890625 0.034375 0.02265625
4 0.29296875 0.55078125 0.0234375 0.025
4 0.4609375 0.6125 0.0453125 0.0125
4 0.38515625 0.65 0.03203125 0.0296875
4 0.43984375 0.7109375 0.05390625 0.0140625
4 0.60703125 0.57890625 0.0359375 0.02890625
4 0.6609375 0.5234375 0.0421875 0.01953125
4 0.7328125 0.58125 0.02265625 0.03046875
4 0.77890625 0.5546875 0.04921875 0.01015625
4 0.84140625 0.63125 0.02421875 0.0375
5 0.63046875 0.603125 0.03046875 0.02265625
7 0.62578125 0.6796875 0.0328125 0.03203125
7 0.68671875 0.7 0.05390625 0.01171875
7 0.38984375 0.68828125 0.03203125 0.03046875
7 0.278125 0.60625 0.02890625 0.028125
7 0.3484375 0.57109375 0.040625 0.0125
7 0.2890625 0.525 0.03203125 0.025
7 0.40078125 0.4421875 0.02421875 0.01484375
7 0.5 0.47265625 0.028125 0.0234375
7 0.6484375 0.4515625 0.03671875 0.01328125
7 0.5859375 0.40625 0.0234375 0.0203125
7 0.590625 0.371875 0.0296875 0.0140625
7 0.54921875 0.359375 0.0359375 0.009375
7 0.75703125 0.4765625 0.04140625 0.0109375
6 0.79296875 0.47109375 0.04453125 0.02734375
4 0.8140625 0.4578125 0.0140625 0.01796875
5 0.521875 0.4890625 0.025 0.02109375
8 0.8578125 0.59609375 0.0328125 0.02109375
8 0.3328125 0.48984375 0.02578125 0.02109375
6 0.41640625 0.52890625 0.03359375 0.02578125
9 0.415625 0.4578125 0.03359375 0.02265625
9 0.61015625 0.44609375 0.02734375 0.0296875
11 0.5171875 0.42109375 0.02890625 0.0140625
11 0.28984375 0.66484375 0.03359375 0.01796875
11 0.41171875 0.61796875 0.0265625 0.01953125
10 0.4 0.59609375 0.0296875 0.02421875
10 0.28203125 0.64375 0.02265625 0.0265625
10 0.32734375 0.66015625 0.0453125 0.0140625
10 0.5078125 0.63828125 0.0296875 0.0296875
10 0.61875 0.62890625 0.02578125 0.0296875
10 0.68203125 0.603125 0.046875 0.01171875
10 0.83125 0.57578125 0.03828125 0.028125
10 0.70703125 0.5078125 0.03203125 0.02421875
10 0.603125 0.50234375 0.03203125 0.0203125
10 0.540625 0.56171875 0.0453125 0.009375
10 0.69609375 0.43203125 0.0265625 0.02265625