11 0.46484375 0.51484375 0.0328125 0.0234375
11 0.3625 0.525 0.03125 0.0265625
11 0.90546875 0.540625 0.0375 0.028125
11 0.37578125 0.40234375 0.028125 0.0203125
11 0.31953125 0.37890625 0.0265625 0.0171875
11 0.90546875 0.540625 0.0375 0.0265625
10 0.3875 0.65234375 0.05 0.028125
10 0.296875 0.59375 0.0515625 0.0109375
10 0.3890625 0.56328125 0.0484375 0.0234375
10 0.690625 0.46640625 0.034375 0.025
10 0.65703125 0.6078125 0.01875 0.0359375
10 0.70234375 0.653125 0.0546875 0.03125
10 0.78125 0.65703125 0.0515625 0.0203125
10 0.465625 0.37578125 0.0359375 0.015625
10 0.653125 0.53671875 0.0171875 0.028125
10 0.5984375 0.43359375 0.04375 0.01875
9 0.5375 0.371875 0.0328125 0.028125
9 0.80859375 0.58046875 0.0375 0.034375
9 0.190625 0.53984375 0.0359375 0.0328125
9 0.44296875 0.45078125 0.0390625 0.0328125
7 0.278125 0.42734375 0.04375 0.0171875
7 0.25625 0.4859375 0.0390625 0.0203125
7 0.61484375 0.56875 0.046875 0.025
7 0.3703125 0.75703125 0.0578125 0.03125
7 0.246875 0.70546875 0.0265625 0.046875
8 0.3953125 0.4875 0.0296875 0.021875
8 0.63359375 0.43984375 0.0296875 0.01875
8 0.32890625 0.48125 0.0296875 0.0203125
8 0.76640625 0.525 0.0328125 0.021875
8 0.5078125 0.43984375 0.03125 0.01875
6 0.7390625 0.4546875 0.03125 0.034375
6 0.50625 0.63671875 0.0421875 0.03125
6 0.578125 0.49921875 0.034375 0.034375
6 0.60234375 0.39765625 0.03125 0.028125
5 0.1265625 0.54453125 0.034375 0.0203125
5 0.5796875 0.45859375 0.028125 0.021875
5 0.72890625 0.55625 0.028125 0.028125
5 0.58046875 0.45859375 0.028125 0.0234375
5 0.4328125 0.54921875 0.034375 0.0265625
4 0.503125 0.6078125 0.015625 0.0359375
4 0.5921875 0.68984375 0.0125 0.0390625
4 0.6484375 0.765625 0.059375 0.0296875
4 0.72421875 0.759375 0.0515625 0.0296875
4 0.765625 0.71171875 0.0265625 0.04375
4 0.40234375 0.43046875 0.0328125 0.0203125
4 0.36953125 0.4578125 0.0140625 0.0265625
4 0.3140625 0.40234375 0.0390625 0.0203125
4 0.33125 0.346875 0.0109375 0.0234375
4 0.24140625 0.5625 0.0515625 0.021875
4 0.2890625 0.52265625 0.0296875 0.03125
4 0.16484375 0.5609375 0.0515625 0.025
4 0.1953125 0.59609375 0.0265625 0.0359375
4 0.2265625 0.65625 0.0484375 0.028125
4 0.17265625 0.4484375 0.040625 0.0265625
3 0.5984375 0.73125 0.0453125 0.0453125
3 0.5078125 0.47734375 0.040625 0.0296875
3 0.2890625 0.45703125 0.0375 0.0296875
3 0.496875 0.40234375 0.0359375 0.0265625
5 0.33828125 0.6953125 0.0453125 0.0265625
1 0.5984375 0.375 0.03125 0.015625
1 0.65390625 0.378125 0.0375 0.01875
1 0.6234375 0.6578125 0.0359375 0.040625
1 0.4296875 0.6109375 0.0453125 0.028125
1 0.2984375 0.65234375 0.0546875 0.025
1 0.4640625 0.76015625 0.05625 0.028125
1 0.55390625 0.75546875 0.059375 0.025
1 0.33125 0.4328125 0.0453125 0.0109375
1 0.1890625 0.4875 0.0453125 0.0203125
1 0.24609375 0.51796875 0.040625 0.0234375
0 0.38671875 0.36015625 0.0296875 0.0296875
0 0.415625 0.734375 0.0296875 0.0453125
0 0.69140625 0.41875 0.03125 0.0265625
2 0.8515625 0.50859375 0.034375 0.025
2 0.71015625 0.50234375 0.0359375 0.0203125
2 0.509375 0.58125 0.034375 0.0234375
0 0.34609375 0.57109375 0.0375 0.0390625
2 0.18046875 0.628125 0.040625 0.0265625
2 0.4390625 0.41640625 0.0265625 0.0234375