10 0.28515625 0.59375 0.0375 0.03125
10 0.36796875 0.5828125 0.0515625 0.01875
10 0.440625 0.57265625 0.0390625 0.0265625
10 0.52265625 0.571875 0.046875 0.0234375
10 0.5875 0.56171875 0.046875 0.0265625
10 0.609375 0.515625 0.01875 0.034375
10 0.65234375 0.54765625 0.0453125 0.0234375
10 0.7484375 0.46953125 0.0421875 0.025
10 0.74453125 0.503125 0.028125 0.03125
10 0.72421875 0.54609375 0.0359375 0.0265625
10 0.5328125 0.66640625 0.0390625 0.028125
10 0.46875 0.67265625 0.05625 0.0203125
10 0.4078125 0.61640625 0.0171875 0.040625
10 0.25703125 0.63828125 0.021875 0.034375
10 0.55703125 0.6015625 0.0203125 0.0375
11 0.26171875 0.67421875 0.0375 0.0234375
11 0.41171875 0.65625 0.025 0.0296875
11 0.71796875 0.6265625 0.0375 0.025
11 0.79296875 0.4484375 0.034375 0.025
11 0.47890625 0.553125 0.034375 0.0234375
9 0.33125 0.56640625 0.04375 0.03125
9 0.56640625 0.63828125 0.040625 0.034375
9 0.66875 0.6546875 0.04375 0.028125
9 0.70078125 0.57265625 0.040625 0.0359375
4 0.77734375 0.415625 0.0296875 0.03125
4 0.7328125 0.3890625 0.04375 0.0171875
4 0.6484375 0.42734375 0.0203125 0.028125
4 0.70390625 0.46953125 0.046875 0.0203125
4 0.628125 0.4765625 0.0375 0.025
4 0.56796875 0.47734375 0.0421875 0.0171875
4 0.60546875 0.4015625 0.04375 0.0140625
4 0.69296875 0.36015625 0.015625 0.03125
4 0.64921875 0.33046875 0.0375 0.015625
4 0.58671875 0.3328125 0.0328125 0.0203125
4 0.60703125 0.296875 0.0140625 0.025
4 0.5765625 0.2765625 0.0375 0.015625
4 0.509375 0.28046875 0.0328125 0.0203125
4 0.659375 0.4015625 0.0390625 0.0203125
5 0.821875 0.51796875 0.0296875 0.028125
5 0.76171875 0.84296875 0.0375 0.0328125
5 0.496875 0.8109375 0.0375 0.034375
3 0.3546875 0.809375 0.05 0.034375
3 0.5375 0.2640625 0.025 0.0296875
3 0.66328125 0.45703125 0.0359375 0.0296875
4 0.91875 0.83046875 0.0625 0.01875
5 0.6984375 0.38515625 0.0296875 0.0234375
5 0.615625 0.31875 0.028125 0.0234375
7 0.47109375 0.5203125 0.01875 0.0359375
7 0.49765625 0.48671875 0.0390625 0.025
7 0.52265625 0.44375 0.015625 0.0296875
7 0.490625 0.41484375 0.0421875 0.0203125
7 0.4421875 0.3765625 0.021875 0.0296875
7 0.46015625 0.3453125 0.0375 0.0234375
7 0.4109375 0.4203125 0.0359375 0.0328125
7 0.34921875 0.421875 0.0390625 0.01875
7 0.38671875 0.45546875 0.0109375 0.0328125
7 0.43125 0.4890625 0.04375 0.021875
7 0.3484375 0.5015625 0.0484375 0.01875
7 0.28515625 0.50546875 0.0453125 0.0203125
7 0.2140625 0.50859375 0.0453125 0.0265625
7 0.13203125 0.51328125 0.0453125 0.01875
7 0.109375 0.47734375 0.0140625 0.0328125
8 0.39296875 0.48125 0.0328125 0.025
8 0.10859375 0.4484375 0.025 0.0265625
8 0.5296875 0.4671875 0.0359375 0.025
8 0.8484375 0.74609375 0.0359375 0.028125
8 0.9359375 0.728125 0.0296875 0.0328125
6 0.3171875 0.4078125 0.034375 0.0296875
6 0.65078125 0.7828125 0.05625 0.028125
6 0.44453125 0.40546875 0.0390625 0.0296875
6 0.17578125 0.5265625 0.0390625 0.03125
1 0.41875 0.878125 0.0578125 0.0375
2 0.58984375 0.84453125 0.040625 0.0265625
2 0.78515625 0.778125 0.0375 0.0265625
2 0.240625 0.3453125 0.0265625 0.01875
2 0.49296875 0.33046875 0.025 0.015625
2 0.5640625 0.38671875 0.028125 0.0203125
0 0.2984375 0.2828125 0.0296875 0.028125
0 0.41328125 0.2671875 0.0328125 0.03125
0 0.365625 0.33359375 0.0390625 0.028125
0 0.24765625 0.4390625 0.040625 0.0296875
1 0.20546875 0.36484375 0.04375 0.0265625
1 0.18046875 0.39921875 0.0203125 0.0328125
1 0.21015625 0.43203125 0.046875 0.015625
1 0.24296875 0.3234375 0.021875 0.0234375
1 0.26875 0.29609375 0.0375 0.0234375
1 0.3375 0.2921875 0.0390625 0.0109375
1 0.38359375 0.2890625 0.0359375 0.0203125
1 0.37109375 0.31484375 0.015625 0.025
1 0.33671875 0.35625 0.0390625 0.0203125
1 0.4078125 0.3515625 0.0390625 0.015625
1 0.4859375 0.3078125 0.0171875 0.028125
1 0.46328125 0.28515625 0.040625 0.01875
1 0.5328125 0.3421875 0.040625 0.0203125
1 0.5671875 0.36796875 0.01875 0.028125