2 0.54140625 0.7296875 0.0296875 0.02265625
2 0.209375 0.60078125 0.040625 0.028125
0 0.5421875 0.665625 0.04296875 0.03046875
0 0.12890625 0.440625 0.06171875 0.03046875
1 0.5484375 0.7046875 0.01640625 0.03203125
1 0.509375 0.72421875 0.0421875 0.0171875
1 0.45234375 0.7234375 0.03984375 0.0265625
1 0.375 0.7109375 0.03984375 0.01953125
1 0.31171875 0.7015625 0.04140625 0.028125
1 0.275 0.66328125 0.015625 0.03359375
1 0.25703125 0.62734375 0.01640625 0.0328125
1 0.2125 0.57109375 0.015625 0.03671875
1 0.18515625 0.52578125 0.0484375 0.02578125
1 0.13671875 0.48671875 0.0203125 0.03984375
1 0.19375 0.434375 0.034375 0.03125
6 0.69609375 0.6859375 0.03046875 0.0421875
6 0.71953125 0.58046875 0.0453125 0.0328125
8 0.5734375 0.55625 0.02734375 0.02890625
8 0.4953125 0.58203125 0.0296875 0.0265625
8 0.415625 0.6515625 0.0265625 0.028125
7 0.4671875 0.640625 0.046875 0.0140625
7 0.4921875 0.61015625 0.01875 0.034375
7 0.540625 0.5703125 0.046875 0.01640625
7 0.60546875 0.57890625 0.04453125 0.028125
7 0.58671875 0.6578125 0.04453125 0.02109375
7 0.6640625 0.6671875 0.0515625 0.0140625
7 0.6390625 0.615625 0.01171875 0.034375
7 0.73828125 0.67734375 0.04765625 0.0171875
7 0.790625 0.65 0.021875 0.0375
7 0.75546875 0.59453125 0.04296875 0.02890625
7 0.73203125 0.54765625 0.021875 0.034375
7 0.58671875 0.5234375 0.021875 0.0421875
7 0.55859375 0.49375 0.03828125 0.0375
4 0.8859375 0.5625 0.02421875 0.040625
4 0.79375 0.50390625 0.06171875 0.0203125
4 0.7265625 0.5 0.03203125 0.0359375
4 0.634375 0.4875 0.04921875 0.02578125
4 0.684375 0.4328125 0.0171875 0.040625
4 0.74296875 0.4 0.05390625 0.02109375
4 0.83984375 0.396875 0.053125 0.0296875
4 0.85859375 0.43984375 0.0484375 0.0296875
4 0.87734375 0.51875 0.0453125 0.03203125
3 0.68828125 0.48046875 0.0328125 0.03828125
3 0.82890625 0.4921875 0.0296875 0.0421875
5 0.784375 0.37578125 0.040625 0.028125
5 0.2890625 0.25390625 0.03828125 0.03359375
4 0.3234375 0.34765625 0.05390625 0.03046875
4 0.3640625 0.41328125 0.01875 0.0421875
4 0.41640625 0.35390625 0.05078125 0.02421875
4 0.40546875 0.2453125 0.05625 0.03125
4 0.32578125 0.23984375 0.0578125 0.0265625
9 0.51953125 0.465625 0.0421875 0.03828125
9 0.34765625 0.56484375 0.04453125 0.03203125
10 0.39296875 0.55234375 0.04765625 0.025
10 0.28125 0.50546875 0.01875 0.03984375
10 0.3171875 0.540625 0.04609375 0.02890625
10 0.42890625 0.515625 0.01796875 0.0359375
10 0.4140625 0.47421875 0.04921875 0.02890625
10 0.48046875 0.4703125 0.0484375 0.0203125
10 0.51328125 0.428125 0.02890625 0.0359375
10 0.47578125 0.378125 0.0546875 0.0328125
10 0.453125 0.31953125 0.02265625 0.046875
10 0.57578125 0.378125 0.05234375 0.0203125
10 0.65390625 0.384375 0.0453125 0.0328125
11 0.6109375 0.35703125 0.03828125 0.034375
11 0.4578125 0.2796875 0.0421875 0.03359375
11 0.52109375 0.38984375 0.034375 0.02890625