0 0.74765625 0.31484375 0.0421875 0.0390625
0 0.65625 0.53671875 0.0484375 0.034375
0 0.5109375 0.62578125 0.0390625 0.03125
0 0.0859375 0.55703125 0.0515625 0.0234375
1 0.28984375 0.8265625 0.0515625 0.0375
1 0.459375 0.8625 0.0390625 0.04375
1 0.67890625 0.80234375 0.059375 0.0171875
1 0.74453125 0.76484375 0.040625 0.04375
1 0.84765625 0.59921875 0.04375 0.0390625
1 0.83828125 0.53828125 0.0296875 0.0421875
1 0.12265625 0.42109375 0.0578125 0.021875
1 0.053125 0.46484375 0.03125 0.0453125
1 0.0671875 0.53203125 0.0546875 0.03125
1 0.3453125 0.47734375 0.046875 0.0296875
1 0.38515625 0.60703125 0.053125 0.0328125
2 0.81015625 0.56875 0.03125 0.0234375
2 0.81015625 0.36484375 0.0375 0.0265625
2 0.61171875 0.403125 0.03125 0.0203125
2 0.32890625 0.2609375 0.04375 0.0234375
2 0.16953125 0.8 0.0390625 0.0359375
2 0.8078125 0.5671875 0.028125 0.0296875
6 0.5609375 0.7484375 0.0484375 0.04375
6 0.26171875 0.59921875 0.0609375 0.0359375
6 0.2921875 0.32890625 0.0515625 0.0359375
6 0.38515625 0.50546875 0.04375 0.0375
8 0.7625 0.715625 0.025 0.0390625
8 0.7734375 0.4484375 0.0515625 0.03125
8 0.47578125 0.30234375 0.0390625 0.0375
8 0.06328125 0.628125 0.0484375 0.034375
8 0.5203125 0.421875 0.028125 0.034375
7 0.665625 0.49453125 0.040625 0.0390625
7 0.59609375 0.29765625 0.0390625 0.03125
7 0.09921875 0.6578125 0.0484375 0.034375
7 0.121875 0.78203125 0.0484375 0.0375
7 0.5328125 0.8890625 0.0515625 0.034375
7 0.615625 0.83359375 0.03125 0.0515625
7 0.5625 0.6484375 0.0515625 0.0359375
7 0.40625 0.66796875 0.028125 0.04375
7 0.434375 0.50078125 0.053125 0.0203125
7 0.33203125 0.43359375 0.025 0.0375
7 0.6984375 0.6203125 0.028125 0.046875
7 0.765625 0.578125 0.059375 0.0171875
7 0.11171875 0.7265625 0.0328125 0.0453125
4 0.71640625 0.6859375 0.04375 0.0421875
4 0.278125 0.7640625 0.028125 0.0453125
4 0.26875 0.7078125 0.0515625 0.034375
4 0.22265625 0.80390625 0.0625 0.028125
4 0.1609375 0.54140625 0.059375 0.0203125
4 0.2234375 0.56328125 0.0515625 0.034375
4 0.1859375 0.4421875 0.0453125 0.034375
4 0.171875 0.3953125 0.03125 0.0421875
4 0.46171875 0.34296875 0.03125 0.04375
4 0.5 0.51015625 0.0453125 0.0328125
4 0.49921875 0.76015625 0.0625 0.0171875
4 0.43359375 0.7484375 0.0484375 0.0390625
3 0.559375 0.5546875 0.0375 0.0375
3 0.871875 0.69609375 0.0625 0.04375
3 0.60625 0.8859375 0.0484375 0.04375
3 0.34453125 0.38984375 0.0515625 0.040625
5 0.190625 0.35390625 0.040625 0.028125
5 0.065625 0.43125 0.04375 0.0203125
5 0.134375 0.68671875 0.0421875 0.03125
5 0.684375 0.65859375 0.0375 0.028125
4 0.69375 0.32578125 0.05625 0.01875
5 0.228125 0.47265625 0.040625 0.0265625
4 0.5765625 0.7015625 0.0328125 0.0453125
10 0.53359375 0.28828125 0.059375 0.0203125
10 0.36953125 0.85078125 0.059375 0.028125
10 0.44453125 0.803125 0.0328125 0.0515625
10 0.33125 0.715625 0.0609375 0.021875
10 0.3671875 0.54375 0.03125 0.04375
10 0.53046875 0.58828125 0.0296875 0.0421875
10 0.47109375 0.62578125 0.05625 0.0203125
10 0.5046875 0.4625 0.025 0.0453125
10 0.48046875 0.3984375 0.04375 0.0390625
10 0.409375 0.37109375 0.0609375 0.0140625
9 0.8515625 0.49765625 0.05625 0.0453125
9 0.2359375 0.66640625 0.0359375 0.0421875
10 0.29140625 0.4578125 0.0640625 0.01875
11 0.89765625 0.62890625 0.040625 0.0265625
11 0.68046875 0.459375 0.0328125 0.028125
9 0.38203125 0.71484375 0.0546875 0.040625
9 0.6359375 0.33984375 0.053125 0.0421875
11 0.359375 0.58046875 0.0328125 0.0265625
10 0.203125 0.5171875 0.0359375 0.046875
10 0.6296875 0.67265625 0.059375 0.0234375
11 0.4265625 0.63359375 0.034375 0.0265625
11 0.71484375 0.590625 0.0359375 0.0265625