10 0.3578125 0.58984375 0.040625 0.01953125
10 0.290625 0.5109375 0.0421875 0.0265625
10 0.71875 0.603125 0.02890625 0.02890625
10 0.85546875 0.6171875 0.0265625 0.02578125
10 0.625 0.64921875 0.0203125 0.0234375
10 0.525 0.66875 0.040625 0.0140625
10 0.46015625 0.65390625 0.04140625 0.01640625
10 0.5578125 0.6046875 0.04453125 0.0171875
10 0.55546875 0.72578125 0.03359375 0.02109375
10 0.3015625 0.66328125 0.01640625 0.02265625
10 0.80546875 0.6359375 0.046875 0.0171875
9 0.4015625 0.503125 0.028125 0.0390625
9 0.653125 0.4625 0.04765625 0.0328125
11 0.49453125 0.43984375 0.040625 0.028125
11 0.8078125 0.4890625 0.03828125 0.025
11 0.71484375 0.625 0.03203125 0.01953125
8 0.30625 0.68359375 0.0296875 0.02265625
8 0.60859375 0.66796875 0.0234375 0.02421875
8 0.253125 0.48984375 0.0296875 0.03203125
6 0.24453125 0.5828125 0.03125 0.03828125
6 0.68515625 0.55234375 0.0453125 0.03125
7 0.278125 0.571875 0.0453125 0.01796875
7 0.34609375 0.5140625 0.0453125 0.02109375
7 0.38984375 0.44140625 0.04765625 0.0234375
7 0.346875 0.38671875 0.0171875 0.040625
7 0.38359375 0.34453125 0.05859375 0.0234375
7 0.66796875 0.42890625 0.03515625 0.0390625
7 0.83359375 0.50703125 0.0234375 0.02890625
7 0.8578125 0.58984375 0.03046875 0.02109375
7 0.7734375 0.57265625 0.04609375 0.015625
7 0.74921875 0.66953125 0.02265625 0.02109375
7 0.5390625 0.690625 0.01640625 0.02265625
7 0.49921875 0.71328125 0.0390625 0.01328125
7 0.5546875 0.50234375 0.025 0.03203125
5 0.54140625 0.5328125 0.03359375 0.025
5 0.31875 0.57421875 0.03203125 0.0234375
4 0.7046875 0.6890625 0.0421875 0.01328125
4 0.7765625 0.52734375 0.0421875 0.02109375
4 0.83984375 0.53828125 0.028125 0.02890625
4 0.728125 0.396875 0.0546875 0.01953125
4 0.59609375 0.475 0.0515625 0.015625
4 0.5296875 0.46875 0.04140625 0.02421875
4 0.4125 0.59296875 0.04609375 0.0125
4 0.3921875 0.65 0.0359375 0.01953125
4 0.3328125 0.6390625 0.04296875 0.0140625
4 0.61171875 0.6125 0.040625 0.01796875
4 0.66171875 0.63046875 0.04609375 0.01640625
4 0.74453125 0.64296875 0.03359375 0.0234375
4 0.340625 0.696875 0.0375 0.0203125
3 0.825 0.57578125 0.0453125 0.03359375
3 0.33203125 0.42265625 0.0453125 0.034375
2 0.36640625 0.6359375 0.021875 0.0234375
2 0.4421875 0.3375 0.040625 0.0328125
1 0.69375 0.48359375 0.040625 0.02578125
1 0.71953125 0.5609375 0.03671875 0.0234375
1 0.6328125 0.5578125 0.03984375 0.0234375
1 0.59296875 0.5859375 0.0234375 0.03125
1 0.57734375 0.671875 0.040625 0.01875
1 0.60546875 0.73046875 0.0359375 0.01328125
1 0.44609375 0.70625 0.03828125 0.0140625
1 0.3765625 0.61484375 0.015625 0.025
1 0.3203125 0.54375 0.01171875 0.03046875
1 0.44375 0.52734375 0.040625 0.02265625
1 0.41015625 0.471875 0.01484375 0.0359375
0 0.5109375 0.61484375 0.0390625 0.0328125
0 0.5328125 0.71015625 0.0296875 0.025
4 0.209375 0.56953125 0.040625 0.0234375