11 0.2265625 0.38984375 0.0203125 0.025
11 0.65 0.52890625 0.03125 0.025
11 0.56484375 0.671875 0.0359375 0.0296875
11 0.61484375 0.7328125 0.04375 0.028125
11 0.55390625 0.5109375 0.028125 0.0265625
9 0.33984375 0.3875 0.0359375 0.0265625
9 0.5359375 0.57734375 0.0359375 0.0296875
9 0.80546875 0.5546875 0.0328125 0.0328125
9 0.3546875 0.65546875 0.0421875 0.0265625
10 0.41015625 0.3578125 0.0390625 0.009375
10 0.4625 0.3734375 0.0265625 0.0234375
10 0.46328125 0.40703125 0.025 0.0265625
10 0.41796875 0.45234375 0.028125 0.025
10 0.3140625 0.5 0.0125 0.0296875
10 0.63984375 0.49140625 0.04375 0.009375
10 0.36015625 0.56015625 0.03125 0.03125
10 0.43046875 0.684375 0.0515625 0.015625
10 0.72578125 0.490625 0.0421875 0.01875
6 0.259375 0.48984375 0.03125 0.0296875
6 0.5875 0.4125 0.034375 0.0265625
6 0.44609375 0.49296875 0.0390625 0.025
8 0.31640625 0.4328125 0.028125 0.0203125
8 0.33515625 0.5390625 0.03125 0.0234375
6 0.31640625 0.596875 0.04375 0.03125
8 0.45546875 0.578125 0.0359375 0.0265625
8 0.6015625 0.55546875 0.0328125 0.021875
8 0.66015625 0.584375 0.034375 0.025
7 0.46640625 0.4375 0.0328125 0.0265625
7 0.71328125 0.38359375 0.04375 0.0078125
7 0.78046875 0.43125 0.0203125 0.0265625
7 0.73203125 0.6 0.0421875 0.0296875
7 0.68984375 0.67265625 0.053125 0.0125
10 0.67265625 0.43359375 0.03125 0.021875
3 0.56953125 0.35546875 0.0234375 0.021875
4 0.54921875 0.3375 0.028125 0.0234375
4 0.55078125 0.37734375 0.025 0.0234375
4 0.50234375 0.328125 0.0328125 0.009375
4 0.45546875 0.33984375 0.0234375 0.0234375
4 0.78984375 0.46328125 0.0375 0.0265625
4 0.8078125 0.51171875 0.0234375 0.0265625
4 0.76328125 0.53046875 0.040625 0.0078125
4 0.7125 0.55390625 0.0265625 0.0234375
4 0.60859375 0.60078125 0.0203125 0.028125
4 0.55703125 0.625 0.028125 0.034375
4 0.6328125 0.69765625 0.0390625 0.0328125
4 0.81171875 0.675 0.05 0.0171875
4 0.8296875 0.54765625 0.0359375 0.028125
4 0.571875 0.4359375 0.021875 0.0234375
3 0.49453125 0.53046875 0.0390625 0.0234375
3 0.68984375 0.61484375 0.040625 0.0296875
5 0.3765625 0.4203125 0.0296875 0.021875
5 0.59921875 0.4921875 0.025 0.025
5 0.8625 0.571875 0.034375 0.0234375
5 0.40625 0.5328125 0.028125 0.0265625
5 0.721875 0.41796875 0.0296875 0.021875
3 0.43359375 0.6234375 0.034375 0.0359375
2 0.23359375 0.42265625 0.028125 0.0234375
2 0.55546875 0.45 0.025 0.021875
2 0.82109375 0.48828125 0.0328125 0.0234375
2 0.5078125 0.6296875 0.03125 0.0265625
2 0.33984375 0.46328125 0.0359375 0.021875
0 0.25546875 0.5421875 0.0359375 0.034375
0 0.68046875 0.490625 0.0234375 0.028125
0 0.68125 0.3828125 0.0171875 0.028125
0 0.51796875 0.734375 0.0359375 0.0375
4 0.57109375 0.796875 0.028125 0.04375
1 0.22734375 0.6140625 0.03125 0.034375
1 0.28203125 0.634375 0.0484375 0.0140625
1 0.6296875 0.45078125 0.028125 0.0265625
1 0.60078125 0.3546875 0.0359375 0.0109375
1 0.65625 0.3671875 0.025 0.0203125
1 0.7375 0.45 0.0421875 0.009375
1 0.7484375 0.56953125 0.028125 0.03125
1 0.79921875 0.61796875 0.0484375 0.0078125
1 0.51328125 0.3875 0.009375 0.0234375
1 0.63359375 0.64453125 0.0515625 0.0203125