2 0.45859375 0.2703125 0.0296875 0.02265625
2 0.790625 0.39921875 0.040625 0.028125
0 0.4578125 0.334375 0.04296875 0.03046875
0 0.87109375 0.559375 0.06171875 0.03046875
1 0.4515625 0.2953125 0.01640625 0.03203125
1 0.490625 0.27578125 0.0421875 0.0171875
1 0.54765625 0.2765625 0.03984375 0.0265625
1 0.625 0.2890625 0.03984375 0.01953125
1 0.68828125 0.2984375 0.04140625 0.028125
1 0.725 0.33671875 0.015625 0.03359375
1 0.74296875 0.37265625 0.01640625 0.0328125
1 0.7875 0.42890625 0.015625 0.03671875
1 0.81484375 0.47421875 0.0484375 0.02578125
1 0.86328125 0.51328125 0.0203125 0.03984375
1 0.80625 0.565625 0.034375 0.03125
6 0.30390625 0.3140625 0.03046875 0.0421875
6 0.28046875 0.41953125 0.0453125 0.0328125
8 0.4265625 0.44375 0.02734375 0.02890625
8 0.5046875 0.41796875 0.0296875 0.0265625
8 0.584375 0.3484375 0.0265625 0.028125
7 0.5328125 0.359375 0.046875 0.0140625
7 0.5078125 0.38984375 0.01875 0.034375
7 0.459375 0.4296875 0.046875 0.01640625
7 0.39453125 0.42109375 0.04453125 0.028125
7 0.41328125 0.3421875 0.04453125 0.02109375
7 0.3359375 0.3328125 0.0515625 0.0140625
7 0.3609375 0.384375 0.01171875 0.034375
7 0.26171875 0.32265625 0.04765625 0.0171875
7 0.209375 0.35 0.021875 0.0375
7 0.24453125 0.40546875 0.04296875 0.02890625
7 0.26796875 0.45234375 0.021875 0.034375
7 0.41328125 0.4765625 0.021875 0.0421875
7 0.44140625 0.50625 0.03828125 0.0375
4 0.1140625 0.4375 0.02421875 0.040625
4 0.20625 0.49609375 0.06171875 0.0203125
4 0.2734375 0.5 0.03203125 0.0359375
4 0.365625 0.5125 0.04921875 0.02578125
4 0.315625 0.5671875 0.0171875 0.040625
4 0.25703125 0.6 0.05390625 0.02109375
4 0.16015625 0.603125 0.053125 0.0296875
4 0.14140625 0.56015625 0.0484375 0.0296875
4 0.12265625 0.48125 0.0453125 0.03203125
3 0.31171875 0.51953125 0.0328125 0.03828125
3 0.17109375 0.5078125 0.0296875 0.0421875
5 0.215625 0.62421875 0.040625 0.028125
5 0.7109375 0.74609375 0.03828125 0.03359375
4 0.6765625 0.65234375 0.05390625 0.03046875
4 0.6359375 0.58671875 0.01875 0.0421875
4 0.58359375 0.64609375 0.05078125 0.02421875
4 0.59453125 0.7546875 0.05625 0.03125
4 0.67421875 0.76015625 0.0578125 0.0265625
9 0.48046875 0.534375 0.0421875 0.03828125
9 0.65234375 0.43515625 0.04453125 0.03203125
10 0.60703125 0.44765625 0.04765625 0.025
10 0.71875 0.49453125 0.01875 0.03984375
10 0.6828125 0.459375 0.04609375 0.02890625
10 0.57109375 0.484375 0.01796875 0.0359375
10 0.5859375 0.52578125 0.04921875 0.02890625
10 0.51953125 0.5296875 0.0484375 0.0203125
10 0.48671875 0.571875 0.02890625 0.0359375
10 0.52421875 0.621875 0.0546875 0.0328125
10 0.546875 0.68046875 0.02265625 0.046875
10 0.42421875 0.621875 0.05234375 0.0203125
10 0.34609375 0.615625 0.0453125 0.0328125
11 0.3890625 0.64296875 0.03828125 0.034375
11 0.5421875 0.7203125 0.0421875 0.03359375
11 0.47890625 0.61015625 0.034375 0.02890625