10 0.9578125 0.5359375 0.0625 0.0421875
10 0.98671875 0.59140625 0.0265625 0.0453125
10 0.73046875 0.3875 0.0625 0.028125
10 0.4921875 0.34296875 0.0484375 0.0234375
10 0.42890625 0.3296875 0.0359375 0.0296875
10 0.31796875 0.55234375 0.046875 0.0375
10 0.55859375 0.696875 0.065625 0.0234375
10 0.24921875 0.73515625 0.0546875 0.028125
10 0.16796875 0.70546875 0.0484375 0.040625
9 0.44609375 0.63984375 0.0515625 0.0359375
9 0.7296875 0.465625 0.0515625 0.040625
11 0.8015625 0.51640625 0.040625 0.03125
11 0.56328125 0.4328125 0.0359375 0.0234375
11 0.61015625 0.32109375 0.0390625 0.0203125
11 0.54140625 0.85625 0.0515625 0.0421875
9 0.40703125 0.40625 0.04375 0.0328125
9 0.5921875 0.3671875 0.053125 0.028125
11 0.39765625 0.309375 0.046875 0.01875
10 0.92578125 0.46796875 0.0296875 0.04375
7 0.33359375 0.771875 0.0390625 0.053125
7 0.4890625 0.75 0.0390625 0.05
7 0.8765625 0.34765625 0.0171875 0.03125
7 0.8578125 0.31171875 0.059375 0.0234375
7 0.59765625 0.2671875 0.05625 0.0203125
7 0.54921875 0.26328125 0.04375 0.025
7 0.46796875 0.24921875 0.05 0.015625
7 0.42109375 0.27578125 0.0296875 0.03125
7 0.353125 0.4125 0.0546875 0.0125
7 0.46328125 0.54296875 0.04375 0.028125
7 0.3109375 0.50703125 0.0421875 0.0328125
7 0.1796875 0.5203125 0.040625 0.0390625
8 0.515625 0.4875 0.0359375 0.0296875
8 0.5171875 0.24140625 0.0390625 0.0234375
8 0.8171875 0.28359375 0.0390625 0.03125
8 0.9734375 0.63984375 0.053125 0.0234375
8 0.221875 0.53515625 0.0375 0.0296875
6 0.1890625 0.60390625 0.059375 0.028125
6 0.4328125 0.50859375 0.0515625 0.0328125
6 0.65546875 0.25390625 0.040625 0.0390625
6 0.86015625 0.384375 0.0546875 0.03125
4 0.17890625 0.4703125 0.0328125 0.0390625
4 0.6453125 0.646875 0.03125 0.0453125
4 0.71796875 0.60234375 0.0671875 0.0203125
4 0.6953125 0.80703125 0.028125 0.059375
4 0.315625 0.62578125 0.04375 0.04375
4 0.9109375 0.41640625 0.0546875 0.0359375
4 0.74921875 0.4328125 0.0265625 0.0453125
4 0.5421875 0.5625 0.0546875 0.0171875
3 0.7140625 0.296875 0.046875 0.040625
3 0.9125 0.4984375 0.05 0.04375
3 0.703125 0.7578125 0.0625 0.0421875
3 0.2703125 0.37265625 0.0359375 0.0328125
5 0.59453125 0.55078125 0.040625 0.03125
5 0.7734375 0.5890625 0.0484375 0.03125
5 0.540625 0.33046875 0.0359375 0.0296875
5 0.3578125 0.47265625 0.034375 0.0234375
5 0.51640625 0.3890625 0.0390625 0.0296875
1 0.384375 0.590625 0.0515625 0.034375
1 0.23046875 0.48203125 0.0484375 0.01875
1 0.30078125 0.4 0.0375 0.0296875
1 0.86015625 0.5125 0.0671875 0.0203125
1 0.60078125 0.46015625 0.0484375 0.0328125
1 0.60703125 0.51171875 0.0328125 0.0453125
1 0.7734375 0.75390625 0.078125 0.0265625
1 0.8453125 0.70078125 0.0421875 0.0515625
1 0.41328125 0.7953125 0.0640625 0.0265625
1 0.45546875 0.434375 0.0515625 0.025
0 0.665625 0.61015625 0.0515625 0.0390625
0 0.61875 0.68515625 0.04375 0.04375
0 0.296875 0.72734375 0.046875 0.04375
0 0.18828125 0.38125 0.053125 0.028125
2 0.19296875 0.74375 0.040625 0.034375
2 0.28828125 0.59140625 0.04375 0.028125
2 0.15 0.55234375 0.04375 0.025
2 0.2890625 0.475 0.0375 0.0296875
2 0.31015625 0.3171875 0.0390625 0.0203125