0 0.25234375 0.31484375 0.0421875 0.0390625
0 0.34375 0.53671875 0.0484375 0.034375
0 0.4890625 0.62578125 0.0390625 0.03125
0 0.9140625 0.55703125 0.0515625 0.0234375
1 0.71015625 0.8265625 0.0515625 0.0375
1 0.540625 0.8625 0.0390625 0.04375
1 0.32109375 0.80234375 0.059375 0.0171875
1 0.25546875 0.76484375 0.040625 0.04375
1 0.15234375 0.59921875 0.04375 0.0390625
1 0.16171875 0.53828125 0.0296875 0.0421875
1 0.87734375 0.42109375 0.0578125 0.021875
1 0.946875 0.46484375 0.03125 0.0453125
1 0.9328125 0.53203125 0.0546875 0.03125
1 0.6546875 0.47734375 0.046875 0.0296875
1 0.61484375 0.60703125 0.053125 0.0328125
2 0.18984375 0.56875 0.03125 0.0234375
2 0.18984375 0.36484375 0.0375 0.0265625
2 0.38828125 0.403125 0.03125 0.0203125
2 0.67109375 0.2609375 0.04375 0.0234375
2 0.83046875 0.8 0.0390625 0.0359375
2 0.1921875 0.5671875 0.028125 0.0296875
6 0.4390625 0.7484375 0.0484375 0.04375
6 0.73828125 0.59921875 0.0609375 0.0359375
6 0.7078125 0.32890625 0.0515625 0.0359375
6 0.61484375 0.50546875 0.04375 0.0375
8 0.2375 0.715625 0.025 0.0390625
8 0.2265625 0.4484375 0.0515625 0.03125
8 0.52421875 0.30234375 0.0390625 0.0375
8 0.93671875 0.628125 0.0484375 0.034375
8 0.4796875 0.421875 0.028125 0.034375
7 0.334375 0.49453125 0.040625 0.0390625
7 0.40390625 0.29765625 0.0390625 0.03125
7 0.90078125 0.6578125 0.0484375 0.034375
7 0.878125 0.78203125 0.0484375 0.0375
7 0.4671875 0.8890625 0.0515625 0.034375
7 0.384375 0.83359375 0.03125 0.0515625
7 0.4375 0.6484375 0.0515625 0.0359375
7 0.59375 0.66796875 0.028125 0.04375
7 0.565625 0.50078125 0.053125 0.0203125
7 0.66796875 0.43359375 0.025 0.0375
7 0.3015625 0.6203125 0.028125 0.046875
7 0.234375 0.578125 0.059375 0.0171875
7 0.88828125 0.7265625 0.0328125 0.0453125
4 0.28359375 0.6859375 0.04375 0.0421875
4 0.721875 0.7640625 0.028125 0.0453125
4 0.73125 0.7078125 0.0515625 0.034375
4 0.77734375 0.80390625 0.0625 0.028125
4 0.8390625 0.54140625 0.059375 0.0203125
4 0.7765625 0.56328125 0.0515625 0.034375
4 0.8140625 0.4421875 0.0453125 0.034375
4 0.828125 0.3953125 0.03125 0.0421875
4 0.53828125 0.34296875 0.03125 0.04375
4 0.5 0.51015625 0.0453125 0.0328125
4 0.50078125 0.76015625 0.0625 0.0171875
4 0.56640625 0.7484375 0.0484375 0.0390625
3 0.440625 0.5546875 0.0375 0.0375
3 0.128125 0.69609375 0.0625 0.04375
3 0.39375 0.8859375 0.0484375 0.04375
3 0.65546875 0.38984375 0.0515625 0.040625
5 0.809375 0.35390625 0.040625 0.028125
5 0.934375 0.43125 0.04375 0.0203125
5 0.865625 0.68671875 0.0421875 0.03125
5 0.315625 0.65859375 0.0375 0.028125
4 0.30625 0.32578125 0.05625 0.01875
5 0.771875 0.47265625 0.040625 0.0265625
4 0.4234375 0.7015625 0.0328125 0.0453125
10 0.46640625 0.28828125 0.059375 0.0203125
10 0.63046875 0.85078125 0.059375 0.028125
10 0.55546875 0.803125 0.0328125 0.0515625
10 0.66875 0.715625 0.0609375 0.021875
10 0.6328125 0.54375 0.03125 0.04375
10 0.46953125 0.58828125 0.0296875 0.0421875
10 0.52890625 0.62578125 0.05625 0.0203125
10 0.4953125 0.4625 0.025 0.0453125
10 0.51953125 0.3984375 0.04375 0.0390625
10 0.590625 0.37109375 0.0609375 0.0140625
9 0.1484375 0.49765625 0.05625 0.0453125
9 0.7640625 0.66640625 0.0359375 0.0421875
10 0.70859375 0.4578125 0.0640625 0.01875
11 0.10234375 0.62890625 0.040625 0.0265625
11 0.31953125 0.459375 0.0328125 0.028125
9 0.61796875 0.71484375 0.0546875 0.040625
9 0.3640625 0.33984375 0.053125 0.0421875
11 0.640625 0.58046875 0.0328125 0.0265625
10 0.796875 0.5171875 0.0359375 0.046875
10 0.3703125 0.67265625 0.059375 0.0234375
11 0.5734375 0.63359375 0.034375 0.0265625
11 0.28515625 0.590625 0.0359375 0.0265625