4 0.415625 0.41640625 0.04765625 0.03203125
4 0.2984375 0.43046875 0.05859375 0.02109375
4 0.21796875 0.41953125 0.040625 0.03046875
4 0.2546875 0.5171875 0.06171875 0.02890625
4 0.228125 0.59296875 0.0453125 0.0453125
4 0.44375 0.32265625 0.05078125 0.01953125
4 0.50625 0.340625 0.04375 0.0234375
4 0.41484375 0.27890625 0.0375 0.0203125
4 0.47109375 0.28359375 0.04921875 0.02109375
4 0.66171875 0.434375 0.0453125 0.02890625
4 0.67265625 0.46953125 0.05234375 0.03984375
4 0.80625 0.39765625 0.02734375 0.03359375
4 0.68125 0.34375 0.040625 0.0265625
4 0.70078125 0.29140625 0.05 0.0171875
5 0.54609375 0.41796875 0.03203125 0.028125
5 0.37578125 0.6015625 0.04453125 0.02890625
3 0.7203125 0.61015625 0.071875 0.04609375
3 0.7375 0.31796875 0.03203125 0.040625
1 0.24375 0.3609375 0.05390625 0.02109375
1 0.29921875 0.328125 0.05390625 0.0140625
1 0.36015625 0.46015625 0.01875 0.04140625
1 0.4609375 0.48046875 0.03828125 0.0375
1 0.60625 0.490625 0.0671875 0.0234375
1 0.61015625 0.5890625 0.06875 0.03046875
1 0.7015625 0.37421875 0.03671875 0.034375
1 0.63203125 0.31953125 0.03203125 0.03046875
1 0.590625 0.390625 0.03203125 0.02890625
1 0.4765625 0.4046875 0.05390625 0.02109375
1 0.403125 0.3046875 0.040625 0.0234375
2 0.590625 0.6484375 0.04921875 0.040625
2 0.6265625 0.521875 0.05 0.034375
0 0.51953125 0.45078125 0.05390625 0.04453125
0 0.3953125 0.38046875 0.0578125 0.0390625
7 0.47734375 0.25234375 0.034375 0.0265625
7 0.59921875 0.25703125 0.05390625 0.015625
7 0.5578125 0.29921875 0.04921875 0.0171875
7 0.82265625 0.34140625 0.028125 0.03359375
7 0.81015625 0.42265625 0.0578125 0.015625
7 0.88125 0.61796875 0.04921875 0.03515625
7 0.8171875 0.58984375 0.0578125 0.0421875
7 0.6625 0.56640625 0.02890625 0.04453125
7 0.48046875 0.5390625 0.06328125 0.0296875
7 0.36171875 0.62421875 0.06953125 0.02578125
7 0.34453125 0.35078125 0.02109375 0.034375
7 0.24375 0.33984375 0.04375 0.0203125
7 0.6078125 0.425 0.0625 0.01328125
8 0.32421875 0.4984375 0.04140625 0.028125
8 0.47265625 0.628125 0.04921875 0.0359375
8 0.34609375 0.30078125 0.040625 0.02265625
6 0.23359375 0.540625 0.07265625 0.0453125
6 0.665625 0.39921875 0.0515625 0.034375
10 0.58828125 0.34921875 0.015625 0.03359375
10 0.4890625 0.3765625 0.05078125 0.02421875
10 0.39453125 0.34921875 0.03046875 0.0265625
10 0.3890625 0.3203125 0.03671875 0.02109375
10 0.27421875 0.30859375 0.0453125 0.02109375
10 0.6765625 0.2625 0.01953125 0.025
10 0.5453125 0.24765625 0.04609375 0.01796875
10 0.4328125 0.5671875 0.0203125 0.04453125
10 0.4 0.521875 0.03828125 0.0375
10 0.24765625 0.45859375 0.0609375 0.0296875
10 0.2890625 0.39453125 0.04140625 0.03046875
11 0.5515625 0.36953125 0.03515625 0.0234375
11 0.75546875 0.35390625 0.0375 0.021875
11 0.72109375 0.5140625 0.0484375 0.028125
9 0.55 0.515625 0.06171875 0.0453125
9 0.759375 0.42265625 0.0484375 0.04921875