10 0.57265625 0.56484375 0.04296875 0.034375
10 0.59453125 0.5125 0.0296875 0.04140625
10 0.52265625 0.4734375 0.0609375 0.015625
10 0.46953125 0.43984375 0.02890625 0.0359375
10 0.4328125 0.409375 0.053125 0.01796875
10 0.49140625 0.378125 0.040625 0.03359375
10 0.49453125 0.3390625 0.0234375 0.03828125
10 0.51484375 0.284375 0.04375 0.025
10 0.58046875 0.26640625 0.05859375 0.01640625
10 0.53125 0.2328125 0.02421875 0.0296875
10 0.4921875 0.21015625 0.04765625 0.0171875
11 0.4296875 0.20390625 0.03125 0.01953125
11 0.534375 0.26015625 0.02890625 0.0234375
11 0.48046875 0.3078125 0.0328125 0.0234375
9 0.51875 0.359375 0.04765625 0.03359375
9 0.5703125 0.47109375 0.03671875 0.03984375
7 0.61875 0.39140625 0.0265625 0.03671875
7 0.60703125 0.45 0.0375 0.03125
7 0.675 0.4328125 0.05625 0.01796875
7 0.7359375 0.45625 0.03671875 0.03984375
7 0.7265625 0.52421875 0.0375 0.04140625
7 0.80625 0.49765625 0.0609375 0.021875
7 0.88515625 0.48203125 0.02890625 0.03828125
7 0.903125 0.4328125 0.040625 0.0421875
7 0.81484375 0.3921875 0.06171875 0.0203125
7 0.7515625 0.3625 0.021875 0.04375
7 0.7203125 0.57109375 0.03671875 0.04609375
7 0.8 0.621875 0.0625 0.02421875
7 0.86328125 0.6125 0.0375 0.03828125
6 0.8734375 0.39296875 0.04921875 0.040625
6 0.859375 0.503125 0.0515625 0.0421875
8 0.74921875 0.628125 0.04296875 0.03203125
8 0.90625 0.56953125 0.04765625 0.02421875
8 0.628125 0.4234375 0.03203125 0.02890625
4 0.29609375 0.33671875 0.0609375 0.015625
4 0.25 0.34296875 0.0421875 0.0328125
4 0.25390625 0.30625 0.02734375 0.0359375
4 0.2625 0.26484375 0.04609375 0.03046875
4 0.33046875 0.24765625 0.053125 0.01875
4 0.6375 0.290625 0.02890625 0.0328125
4 0.63515625 0.3421875 0.0375 0.034375
4 0.71640625 0.325 0.0484375 0.02890625
4 0.77578125 0.30859375 0.0515625 0.03046875
4 0.77109375 0.25 0.0515625 0.0171875
4 0.7296875 0.22578125 0.05546875 0.0140625
4 0.65859375 0.25234375 0.03671875 0.0265625
5 0.67265625 0.2265625 0.040625 0.021875
3 0.7875 0.2765625 0.04765625 0.03359375
3 0.665625 0.31640625 0.03828125 0.0390625
4 0.85078125 0.29609375 0.05546875 0.02265625
4 0.89296875 0.32265625 0.04609375 0.0375
1 0.3640625 0.3234375 0.04296875 0.03046875
1 0.34375 0.3609375 0.03515625 0.03359375
1 0.44921875 0.48046875 0.0515625 0.034375
1 0.3921875 0.50703125 0.0484375 0.02421875
1 0.33671875 0.41484375 0.0453125 0.03046875
1 0.25390625 0.446875 0.04921875 0.02421875
1 0.20703125 0.44609375 0.02421875 0.0328125
1 0.16796875 0.52109375 0.03203125 0.040625
1 0.2296875 0.54296875 0.0625 0.021875
1 0.2921875 0.5171875 0.04609375 0.0296875
2 0.31171875 0.44375 0.03984375 0.025
2 0.33671875 0.50078125 0.0453125 0.025
0 0.37734375 0.3953125 0.0484375 0.03046875
0 0.1453125 0.471875 0.05859375 0.02890625
1 0.4671875 0.71171875 0.06953125 0.0203125