2 0.4890625 0.63828125 0.025 0.01953125
2 0.25859375 0.44453125 0.02734375 0.025
1 0.60859375 0.4484375 0.03046875 0.028125
1 0.54140625 0.46875 0.0390625 0.0171875
1 0.5 0.48671875 0.0203125 0.0265625
1 0.4953125 0.44921875 0.03046875 0.03203125
1 0.40625 0.52890625 0.025 0.025
1 0.409375 0.56875 0.02265625 0.0234375
1 0.2875 0.53046875 0.0359375 0.01875
1 0.28125 0.4625 0.04375 0.01953125
1 0.2578125 0.32734375 0.03671875 0.03203125
1 0.4375 0.3484375 0.053125 0.0109375
1 0.5 0.315625 0.03203125 0.03359375
0 0.37890625 0.4796875 0.040625 0.03203125
0 0.25234375 0.36328125 0.040625 0.0265625
3 0.69609375 0.421875 0.04140625 0.028125
3 0.38671875 0.61484375 0.0171875 0.03046875
4 0.44609375 0.509375 0.03828125 0.01328125
4 0.496875 0.5546875 0.0234375 0.0234375
4 0.53671875 0.540625 0.03671875 0.01015625
4 0.65859375 0.47109375 0.034375 0.02265625
4 0.70703125 0.44921875 0.0234375 0.025
4 0.5390625 0.3875 0.0453125 0.0125
4 0.61484375 0.35 0.03203125 0.0296875
4 0.56015625 0.2890625 0.05390625 0.0140625
4 0.39296875 0.42109375 0.0359375 0.02890625
4 0.3390625 0.4765625 0.0421875 0.01953125
4 0.2671875 0.41875 0.02265625 0.03046875
4 0.22109375 0.4453125 0.04921875 0.01015625
4 0.15859375 0.36875 0.02421875 0.0375
5 0.36953125 0.396875 0.03046875 0.02265625
7 0.37421875 0.3203125 0.0328125 0.03203125
7 0.31328125 0.3 0.05390625 0.01171875
7 0.61015625 0.31171875 0.03203125 0.03046875
7 0.721875 0.39375 0.02890625 0.028125
7 0.6515625 0.42890625 0.040625 0.0125
7 0.7109375 0.475 0.03203125 0.025
7 0.59921875 0.5578125 0.02421875 0.01484375
7 0.5 0.52734375 0.028125 0.0234375
7 0.3515625 0.5484375 0.03671875 0.01328125
7 0.4140625 0.59375 0.0234375 0.0203125
7 0.409375 0.628125 0.0296875 0.0140625
7 0.45078125 0.640625 0.0359375 0.009375
7 0.24296875 0.5234375 0.04140625 0.0109375
6 0.20703125 0.52890625 0.04453125 0.02734375
4 0.1859375 0.5421875 0.0140625 0.01796875
5 0.478125 0.5109375 0.025 0.02109375
8 0.1421875 0.40390625 0.0328125 0.02109375
8 0.6671875 0.51015625 0.02578125 0.02109375
6 0.58359375 0.47109375 0.03359375 0.02578125
9 0.584375 0.5421875 0.03359375 0.02265625
9 0.38984375 0.55390625 0.02734375 0.0296875
11 0.4828125 0.57890625 0.02890625 0.0140625
11 0.71015625 0.33515625 0.03359375 0.01796875
11 0.58828125 0.38203125 0.0265625 0.01953125
10 0.6 0.40390625 0.0296875 0.02421875
10 0.71796875 0.35625 0.02265625 0.0265625
10 0.67265625 0.33984375 0.0453125 0.0140625
10 0.4921875 0.36171875 0.0296875 0.0296875
10 0.38125 0.37109375 0.02578125 0.0296875
10 0.31796875 0.396875 0.046875 0.01171875
10 0.16875 0.42421875 0.03828125 0.028125
10 0.29296875 0.4921875 0.03203125 0.02421875
10 0.396875 0.49765625 0.03203125 0.0203125
10 0.459375 0.43828125 0.0453125 0.009375
10 0.30390625 0.56796875 0.0265625 0.02265625