11 0.7734375 0.38984375 0.0203125 0.025
11 0.35 0.52890625 0.03125 0.025
11 0.43515625 0.671875 0.0359375 0.0296875
11 0.38515625 0.7328125 0.04375 0.028125
11 0.44609375 0.5109375 0.028125 0.0265625
9 0.66015625 0.3875 0.0359375 0.0265625
9 0.4640625 0.57734375 0.0359375 0.0296875
9 0.19453125 0.5546875 0.0328125 0.0328125
9 0.6453125 0.65546875 0.0421875 0.0265625
10 0.58984375 0.3578125 0.0390625 0.009375
10 0.5375 0.3734375 0.0265625 0.0234375
10 0.53671875 0.40703125 0.025 0.0265625
10 0.58203125 0.45234375 0.028125 0.025
10 0.6859375 0.5 0.0125 0.0296875
10 0.36015625 0.49140625 0.04375 0.009375
10 0.63984375 0.56015625 0.03125 0.03125
10 0.56953125 0.684375 0.0515625 0.015625
10 0.27421875 0.490625 0.0421875 0.01875
6 0.740625 0.48984375 0.03125 0.0296875
6 0.4125 0.4125 0.034375 0.0265625
6 0.55390625 0.49296875 0.0390625 0.025
8 0.68359375 0.4328125 0.028125 0.0203125
8 0.66484375 0.5390625 0.03125 0.0234375
6 0.68359375 0.596875 0.04375 0.03125
8 0.54453125 0.578125 0.0359375 0.0265625
8 0.3984375 0.55546875 0.0328125 0.021875
8 0.33984375 0.584375 0.034375 0.025
7 0.53359375 0.4375 0.0328125 0.0265625
7 0.28671875 0.38359375 0.04375 0.0078125
7 0.21953125 0.43125 0.0203125 0.0265625
7 0.26796875 0.6 0.0421875 0.0296875
7 0.31015625 0.67265625 0.053125 0.0125
10 0.32734375 0.43359375 0.03125 0.021875
3 0.43046875 0.35546875 0.0234375 0.021875
4 0.45078125 0.3375 0.028125 0.0234375
4 0.44921875 0.37734375 0.025 0.0234375
4 0.49765625 0.328125 0.0328125 0.009375
4 0.54453125 0.33984375 0.0234375 0.0234375
4 0.21015625 0.46328125 0.0375 0.0265625
4 0.1921875 0.51171875 0.0234375 0.0265625
4 0.23671875 0.53046875 0.040625 0.0078125
4 0.2875 0.55390625 0.0265625 0.0234375
4 0.39140625 0.60078125 0.0203125 0.028125
4 0.44296875 0.625 0.028125 0.034375
4 0.3671875 0.69765625 0.0390625 0.0328125
4 0.18828125 0.675 0.05 0.0171875
4 0.1703125 0.54765625 0.0359375 0.028125
4 0.428125 0.4359375 0.021875 0.0234375
3 0.50546875 0.53046875 0.0390625 0.0234375
3 0.31015625 0.61484375 0.040625 0.0296875
5 0.6234375 0.4203125 0.0296875 0.021875
5 0.40078125 0.4921875 0.025 0.025
5 0.1375 0.571875 0.034375 0.0234375
5 0.59375 0.5328125 0.028125 0.0265625
5 0.278125 0.41796875 0.0296875 0.021875
3 0.56640625 0.6234375 0.034375 0.0359375
2 0.76640625 0.42265625 0.028125 0.0234375
2 0.44453125 0.45 0.025 0.021875
2 0.17890625 0.48828125 0.0328125 0.0234375
2 0.4921875 0.6296875 0.03125 0.0265625
2 0.66015625 0.46328125 0.0359375 0.021875
0 0.74453125 0.5421875 0.0359375 0.034375
0 0.31953125 0.490625 0.0234375 0.028125
0 0.31875 0.3828125 0.0171875 0.028125
0 0.48203125 0.734375 0.0359375 0.0375
4 0.42890625 0.796875 0.028125 0.04375
1 0.77265625 0.6140625 0.03125 0.034375
1 0.71796875 0.634375 0.0484375 0.0140625
1 0.3703125 0.45078125 0.028125 0.0265625
1 0.39921875 0.3546875 0.0359375 0.0109375
1 0.34375 0.3671875 0.025 0.0203125
1 0.2625 0.45 0.0421875 0.009375
1 0.2515625 0.56953125 0.028125 0.03125
1 0.20078125 0.61796875 0.0484375 0.0078125
1 0.48671875 0.3875 0.009375 0.0234375
1 0.36640625 0.64453125 0.0515625 0.0203125