10 0.2984375 0.35703125 0.05625 0.0203125
10 0.2515625 0.37421875 0.0328125 0.028125
10 0.2640625 0.42734375 0.0296875 0.03125
10 0.31171875 0.43671875 0.059375 0.009375
10 0.3828125 0.37421875 0.03125 0.0296875
10 0.43515625 0.38515625 0.0484375 0.0203125
10 0.4984375 0.3546875 0.028125 0.0296875
10 0.48203125 0.3296875 0.0484375 0.0171875
10 0.3859375 0.4109375 0.0296875 0.025
10 0.259375 0.4671875 0.0359375 0.0328125
10 0.26484375 0.51328125 0.040625 0.0296875
10 0.1984375 0.5015625 0.053125 0.0125
10 0.1265625 0.5265625 0.0390625 0.0375
10 0.121875 0.57578125 0.04375 0.0328125
10 0.1296875 0.62265625 0.0359375 0.0421875
9 0.13671875 0.41640625 0.046875 0.0328125
9 0.2296875 0.3953125 0.0515625 0.0390625
9 0.14375 0.4890625 0.0453125 0.040625
11 0.1 0.453125 0.040625 0.0234375
11 0.45390625 0.30859375 0.0359375 0.025
11 0.353125 0.3515625 0.0359375 0.028125
11 0.3671875 0.434375 0.0375 0.01875
11 0.09140625 0.66875 0.05625 0.025
4 0.18984375 0.6 0.05625 0.01875
4 0.2890625 0.628125 0.046875 0.034375
4 0.2921875 0.66953125 0.04375 0.0421875
4 0.3625 0.640625 0.0671875 0.028125
4 0.2703125 0.5625 0.03125 0.0453125
4 0.3359375 0.5375 0.0640625 0.0171875
4 0.453125 0.73515625 0.03125 0.046875
4 0.4703125 0.81171875 0.0421875 0.046875
4 0.5453125 0.8328125 0.0671875 0.01875
4 0.628125 0.778125 0.028125 0.0484375
4 0.3703125 0.778125 0.0703125 0.015625
4 0.28515625 0.7546875 0.0359375 0.0421875
4 0.2046875 0.7265625 0.0703125 0.015625
4 0.128125 0.71484375 0.0484375 0.0375
5 0.25703125 0.7125 0.03125 0.040625
5 0.42734375 0.7734375 0.0484375 0.0421875
3 0.6171875 0.8203125 0.0625 0.046875
3 0.2484375 0.59296875 0.05625 0.0421875
9 0.48046875 0.3828125 0.03125 0.0359375
7 0.57578125 0.415625 0.046875 0.015625
7 0.52265625 0.43671875 0.034375 0.0296875
7 0.625 0.3921875 0.0203125 0.0296875
7 0.6796875 0.365625 0.0484375 0.015625
7 0.7390625 0.3828125 0.0359375 0.028125
7 0.60390625 0.50625 0.053125 0.0109375
7 0.53828125 0.48828125 0.0390625 0.0296875
7 0.4609375 0.47109375 0.0515625 0.015625
7 0.39921875 0.46015625 0.0390625 0.0265625
7 0.403125 0.5 0.03125 0.0328125
7 0.4125 0.5515625 0.0390625 0.03125
7 0.4703125 0.56640625 0.05 0.0125
7 0.5484375 0.528125 0.028125 0.034375
7 0.57109375 0.59140625 0.0484375 0.034375
7 0.58828125 0.64375 0.021875 0.046875
6 0.5375 0.55625 0.05 0.0359375
6 0.65234375 0.5015625 0.0375 0.040625
6 0.63359375 0.3640625 0.0359375 0.03125
8 0.7703125 0.39921875 0.034375 0.0234375
8 0.50234375 0.4640625 0.028125 0.0265625
8 0.384375 0.52578125 0.0359375 0.0265625
3 0.5328125 0.3015625 0.04375 0.03125
3 0.3171875 0.26328125 0.0421875 0.0296875
5 0.21953125 0.29453125 0.0359375 0.028125
5 0.02578125 0.59375 0.0390625 0.0359375
6 0.1125 0.33671875 0.0484375 0.034375
5 0.0140625 0.33515625 0.028125 0.0265625
2 0.1390625 0.29765625 0.0328125 0.0234375
2 0.01015625 0.37421875 0.0203125 0.0328125
1 0.2421875 0.2546875 0.0359375 0.0234375
1 0.778125 0.4625 0.0421875 0.0265625
1 0.71015625 0.446875 0.0484375 0.015625
1 0.8109375 0.50390625 0.021875 0.0328125
1 0.83828125 0.565625 0.0375 0.04375
1 0.8671875 0.6078125 0.021875 0.028125
1 0.8046875 0.65 0.0421875 0.0265625
1 0.72890625 0.63671875 0.0453125 0.0375
1 0.7609375 0.684375 0.015625 0.0421875
1 0.678125 0.73671875 0.0609375 0.0203125
1 0.6125 0.7171875 0.046875 0.0390625
1 0.509375 0.68671875 0.0578125 0.01875
1 0.44140625 0.6671875 0.0390625 0.0390625
1 0.63515625 0.609375 0.0515625 0.01875
1 0.70859375 0.57109375 0.0296875 0.034375
0 0.703125 0.6015625 0.0515625 0.0328125
0 0.8609375 0.64140625 0.046875 0.0359375
0 0.75703125 0.7234375 0.053125 0.0359375
2 0.41953125 0.63671875 0.0375 0.0265625
2 0.56953125 0.68046875 0.0390625 0.0234375
2 0.80546875 0.5359375 0.040625 0.0265625
0 0.66953125 0.4515625 0.0328125 0.0359375