10 0.28515625 0.40625 0.0375 0.03125
10 0.36796875 0.4171875 0.0515625 0.01875
10 0.440625 0.42734375 0.0390625 0.0265625
10 0.52265625 0.428125 0.046875 0.0234375
10 0.5875 0.43828125 0.046875 0.0265625
10 0.609375 0.484375 0.01875 0.034375
10 0.65234375 0.45234375 0.0453125 0.0234375
10 0.7484375 0.53046875 0.0421875 0.025
10 0.74453125 0.496875 0.028125 0.03125
10 0.72421875 0.45390625 0.0359375 0.0265625
10 0.5328125 0.33359375 0.0390625 0.028125
10 0.46875 0.32734375 0.05625 0.0203125
10 0.4078125 0.38359375 0.0171875 0.040625
10 0.25703125 0.36171875 0.021875 0.034375
10 0.55703125 0.3984375 0.0203125 0.0375
11 0.26171875 0.32578125 0.0375 0.0234375
11 0.41171875 0.34375 0.025 0.0296875
11 0.71796875 0.3734375 0.0375 0.025
11 0.79296875 0.5515625 0.034375 0.025
11 0.47890625 0.446875 0.034375 0.0234375
9 0.33125 0.43359375 0.04375 0.03125
9 0.56640625 0.36171875 0.040625 0.034375
9 0.66875 0.3453125 0.04375 0.028125
9 0.70078125 0.42734375 0.040625 0.0359375
4 0.77734375 0.584375 0.0296875 0.03125
4 0.7328125 0.6109375 0.04375 0.0171875
4 0.6484375 0.57265625 0.0203125 0.028125
4 0.70390625 0.53046875 0.046875 0.0203125
4 0.628125 0.5234375 0.0375 0.025
4 0.56796875 0.52265625 0.0421875 0.0171875
4 0.60546875 0.5984375 0.04375 0.0140625
4 0.69296875 0.63984375 0.015625 0.03125
4 0.64921875 0.66953125 0.0375 0.015625
4 0.58671875 0.6671875 0.0328125 0.0203125
4 0.60703125 0.703125 0.0140625 0.025
4 0.5765625 0.7234375 0.0375 0.015625
4 0.509375 0.71953125 0.0328125 0.0203125
4 0.659375 0.5984375 0.0390625 0.0203125
5 0.821875 0.48203125 0.0296875 0.028125
5 0.76171875 0.15703125 0.0375 0.0328125
5 0.496875 0.1890625 0.0375 0.034375
3 0.3546875 0.190625 0.05 0.034375
3 0.5375 0.7359375 0.025 0.0296875
3 0.66328125 0.54296875 0.0359375 0.0296875
4 0.91875 0.16953125 0.0625 0.01875
5 0.6984375 0.61484375 0.0296875 0.0234375
5 0.615625 0.68125 0.028125 0.0234375
7 0.47109375 0.4796875 0.01875 0.0359375
7 0.49765625 0.51328125 0.0390625 0.025
7 0.52265625 0.55625 0.015625 0.0296875
7 0.490625 0.58515625 0.0421875 0.0203125
7 0.4421875 0.6234375 0.021875 0.0296875
7 0.46015625 0.6546875 0.0375 0.0234375
7 0.4109375 0.5796875 0.0359375 0.0328125
7 0.34921875 0.578125 0.0390625 0.01875
7 0.38671875 0.54453125 0.0109375 0.0328125
7 0.43125 0.5109375 0.04375 0.021875
7 0.3484375 0.4984375 0.0484375 0.01875
7 0.28515625 0.49453125 0.0453125 0.0203125
7 0.2140625 0.49140625 0.0453125 0.0265625
7 0.13203125 0.48671875 0.0453125 0.01875
7 0.109375 0.52265625 0.0140625 0.0328125
8 0.39296875 0.51875 0.0328125 0.025
8 0.10859375 0.5515625 0.025 0.0265625
8 0.5296875 0.5328125 0.0359375 0.025
8 0.8484375 0.25390625 0.0359375 0.028125
8 0.9359375 0.271875 0.0296875 0.0328125
6 0.3171875 0.5921875 0.034375 0.0296875
6 0.65078125 0.2171875 0.05625 0.028125
6 0.44453125 0.59453125 0.0390625 0.0296875
6 0.17578125 0.4734375 0.0390625 0.03125
1 0.41875 0.121875 0.0578125 0.0375
2 0.58984375 0.15546875 0.040625 0.0265625
2 0.78515625 0.221875 0.0375 0.0265625
2 0.240625 0.6546875 0.0265625 0.01875
2 0.49296875 0.66953125 0.025 0.015625
2 0.5640625 0.61328125 0.028125 0.0203125
0 0.2984375 0.7171875 0.0296875 0.028125
0 0.41328125 0.7328125 0.0328125 0.03125
0 0.365625 0.66640625 0.0390625 0.028125
0 0.24765625 0.5609375 0.040625 0.0296875
1 0.20546875 0.63515625 0.04375 0.0265625
1 0.18046875 0.60078125 0.0203125 0.0328125
1 0.21015625 0.56796875 0.046875 0.015625
1 0.24296875 0.6765625 0.021875 0.0234375
1 0.26875 0.70390625 0.0375 0.0234375
1 0.3375 0.7078125 0.0390625 0.0109375
1 0.38359375 0.7109375 0.0359375 0.0203125
1 0.37109375 0.68515625 0.015625 0.025
1 0.33671875 0.64375 0.0390625 0.0203125
1 0.4078125 0.6484375 0.0390625 0.015625
1 0.4859375 0.6921875 0.0171875 0.028125
1 0.46328125 0.71484375 0.040625 0.01875
1 0.5328125 0.6578125 0.040625 0.0203125
1 0.5671875 0.63203125 0.01875 0.028125