10 0.40078125 0.34296875 0.0390625 0.0171875
10 0.38125 0.37421875 0.015625 0.0265625
10 0.45390625 0.4171875 0.034375 0.01875
10 0.49609375 0.51171875 0.015625 0.028125
10 0.39609375 0.4859375 0.03671875 0.01796875
10 0.38828125 0.56015625 0.03671875 0.0265625
10 0.42890625 0.6 0.01328125 0.034375
10 0.7078125 0.63671875 0.04296875 0.02109375
10 0.57578125 0.63671875 0.0421875 0.0203125
10 0.2640625 0.56484375 0.04453125 0.02109375
11 0.42421875 0.421875 0.01875 0.01953125
11 0.73046875 0.49765625 0.01875 0.02265625
9 0.67890625 0.56796875 0.0390625 0.01953125
9 0.665625 0.42265625 0.034375 0.03046875
11 0.5921875 0.35546875 0.02421875 0.01796875
10 0.4640625 0.72265625 0.04140625 0.0234375
7 0.44296875 0.340625 0.0375 0.015625
7 0.56328125 0.34453125 0.03984375 0.0140625
7 0.490625 0.3828125 0.01171875 0.0296875
7 0.6921875 0.4109375 0.03046875 0.02265625
7 0.8515625 0.525 0.0171875 0.034375
7 0.82734375 0.55859375 0.02421875 0.02421875
7 0.7578125 0.5515625 0.04140625 0.02265625
7 0.67421875 0.596875 0.01953125 0.03203125
7 0.33515625 0.4140625 0.03984375 0.0171875
7 0.63828125 0.48359375 0.03203125 0.0203125
7 0.3015625 0.6015625 0.01328125 0.0328125
7 0.340625 0.56015625 0.03828125 0.02265625
7 0.6265625 0.68125 0.01328125 0.0359375
8 0.7484375 0.6484375 0.0296875 0.02578125
8 0.4265625 0.73515625 0.0328125 0.02265625
8 0.37421875 0.5 0.0265625 0.015625
6 0.54609375 0.4234375 0.02265625 0.0265625
6 0.62734375 0.70859375 0.0328125 0.03046875
4 0.38203125 0.41015625 0.040625 0.01953125
4 0.553125 0.60078125 0.021875 0.03203125
4 0.45859375 0.646875 0.04453125 0.01953125
4 0.49765625 0.684375 0.015625 0.0375
4 0.3796875 0.72109375 0.04296875 0.02265625
4 0.6515625 0.7265625 0.04921875 0.02265625
4 0.46640625 0.4828125 0.03515625 0.01953125
4 0.42578125 0.4578125 0.01640625 0.03046875
4 0.6609375 0.45546875 0.01484375 0.03203125
4 0.6875 0.48671875 0.03671875 0.01953125
4 0.55234375 0.37421875 0.0328125 0.01796875
4 0.52265625 0.34609375 0.0328125 0.0171875
3 0.47890625 0.35390625 0.03515625 0.028125
3 0.796875 0.5734375 0.04375 0.01953125
4 0.303125 0.44609375 0.0125 0.03046875
5 0.6078125 0.49765625 0.03125 0.0203125
5 0.61328125 0.65390625 0.03359375 0.02265625
1 0.63828125 0.55390625 0.0375 0.02109375
1 0.3671875 0.525 0.02421875 0.02890625
1 0.33046875 0.63984375 0.0390625 0.02421875
1 0.23359375 0.53203125 0.01640625 0.03203125
1 0.51328125 0.48515625 0.040625 0.015625
1 0.5421875 0.4546875 0.01953125 0.0265625
1 0.5171875 0.409375 0.03671875 0.01796875
1 0.62109375 0.4078125 0.03515625 0.01796875
1 0.7125 0.5546875 0.03671875 0.01953125
1 0.6421875 0.64296875 0.0265625 0.025
1 0.5265625 0.640625 0.0296875 0.02890625
2 0.4953125 0.65546875 0.0296875 0.01875
2 0.84375 0.49140625 0.02734375 0.02265625
0 0.5 0.54375 0.03984375 0.025
0 0.30390625 0.57421875 0.03671875 0.028125