1 0.609375 0.42109375 0.04921875 0.0203125
1 0.6703125 0.43203125 0.0265625 0.03203125
1 0.76171875 0.31484375 0.03984375 0.03203125
1 0.7484375 0.46484375 0.05078125 0.0265625
1 0.81328125 0.48046875 0.04375 0.03359375
1 0.8453125 0.52109375 0.0265625 0.03125
1 0.75859375 0.5515625 0.04921875 0.0265625
1 0.715625 0.528125 0.0328125 0.034375
1 0.62890625 0.51171875 0.0515625 0.021875
1 0.57109375 0.5453125 0.02890625 0.03125
1 0.51640625 0.565625 0.05625 0.01796875
0 0.5875 0.5015625 0.04609375 0.03671875
0 0.8359375 0.5640625 0.0609375 0.0390625
2 0.6734375 0.5015625 0.0328125 0.03203125
2 0.7046875 0.45703125 0.03515625 0.0296875
6 0.2859375 0.30078125 0.04296875 0.02578125
6 0.39765625 0.26484375 0.04296875 0.0375
8 0.6875 0.375 0.025 0.02421875
8 0.55625 0.2609375 0.0296875 0.0234375
8 0.43671875 0.2359375 0.0296875 0.025
7 0.4875 0.23515625 0.04609375 0.01171875
7 0.52578125 0.24921875 0.03125 0.02421875
7 0.6 0.2671875 0.0453125 0.01484375
7 0.64375 0.2828125 0.03515625 0.02421875
7 0.65234375 0.31328125 0.03203125 0.02421875
7 0.665625 0.353125 0.03828125 0.0265625
7 0.36328125 0.2703125 0.04765625 0.015625
7 0.31328125 0.28125 0.02890625 0.02578125
7 0.3125 0.32578125 0.025 0.02578125
7 0.31015625 0.36171875 0.040625 0.0234375
7 0.3640625 0.3359375 0.04921875 0.01640625
7 0.41796875 0.35234375 0.03125 0.03046875
7 0.4328125 0.39375 0.034375 0.0234375
4 0.1859375 0.33046875 0.02734375 0.02421875
4 0.18828125 0.353125 0.0328125 0.03359375
4 0.240625 0.38203125 0.0484375 0.01015625
4 0.290625 0.39609375 0.0125 0.0296875
4 0.3609375 0.41953125 0.05625 0.01328125
4 0.29375 0.4515625 0.034375 0.03203125
4 0.23046875 0.46640625 0.05703125 0.01640625
4 0.1515625 0.44609375 0.02734375 0.03203125
4 0.159375 0.496875 0.0296875 0.028125
5 0.19140625 0.475 0.0296875 0.0296875
5 0.5640625 0.68046875 0.0421875 0.03046875
4 0.58828125 0.59453125 0.03671875 0.03203125
4 0.63203125 0.615625 0.0609375 0.02421875
4 0.584375 0.64453125 0.0328125 0.03828125
4 0.52421875 0.68125 0.0609375 0.015625
4 0.45546875 0.65859375 0.0328125 0.0390625
10 0.28125 0.5875 0.034375 0.03359375
10 0.28359375 0.54765625 0.03984375 0.03203125
10 0.29296875 0.49375 0.03203125 0.03125
10 0.3609375 0.51484375 0.0515625 0.01171875
10 0.4390625 0.4875 0.03515625 0.02578125
10 0.4875 0.4625 0.04765625 0.01171875
10 0.5515625 0.46875 0.034375 0.0328125
10 0.55859375 0.4375 0.0265625 0.028125
10 0.5546875 0.39609375 0.02890625 0.0265625
10 0.54609375 0.353125 0.03203125 0.0265625
10 0.6015625 0.3359375 0.0421875 0.0140625
9 0.5265625 0.3734375 0.03515625 0.0375
9 0.453125 0.45546875 0.0328125 0.040625
11 0.41484375 0.5140625 0.03203125 0.03046875
11 0.315625 0.63125 0.04609375 0.02578125
11 0.321875 0.51875 0.03125 0.02421875
3 0.1484375 0.5265625 0.03984375 0.0390625