10 0.2984375 0.64296875 0.05625 0.0203125
10 0.2515625 0.62578125 0.0328125 0.028125
10 0.2640625 0.57265625 0.0296875 0.03125
10 0.31171875 0.56328125 0.059375 0.009375
10 0.3828125 0.62578125 0.03125 0.0296875
10 0.43515625 0.61484375 0.0484375 0.0203125
10 0.4984375 0.6453125 0.028125 0.0296875
10 0.48203125 0.6703125 0.0484375 0.0171875
10 0.3859375 0.5890625 0.0296875 0.025
10 0.259375 0.5328125 0.0359375 0.0328125
10 0.26484375 0.48671875 0.040625 0.0296875
10 0.1984375 0.4984375 0.053125 0.0125
10 0.1265625 0.4734375 0.0390625 0.0375
10 0.121875 0.42421875 0.04375 0.0328125
10 0.1296875 0.37734375 0.0359375 0.0421875
9 0.13671875 0.58359375 0.046875 0.0328125
9 0.2296875 0.6046875 0.0515625 0.0390625
9 0.14375 0.5109375 0.0453125 0.040625
11 0.1 0.546875 0.040625 0.0234375
11 0.45390625 0.69140625 0.0359375 0.025
11 0.353125 0.6484375 0.0359375 0.028125
11 0.3671875 0.565625 0.0375 0.01875
11 0.09140625 0.33125 0.05625 0.025
4 0.18984375 0.4 0.05625 0.01875
4 0.2890625 0.371875 0.046875 0.034375
4 0.2921875 0.33046875 0.04375 0.0421875
4 0.3625 0.359375 0.0671875 0.028125
4 0.2703125 0.4375 0.03125 0.0453125
4 0.3359375 0.4625 0.0640625 0.0171875
4 0.453125 0.26484375 0.03125 0.046875
4 0.4703125 0.18828125 0.0421875 0.046875
4 0.5453125 0.1671875 0.0671875 0.01875
4 0.628125 0.221875 0.028125 0.0484375
4 0.3703125 0.221875 0.0703125 0.015625
4 0.28515625 0.2453125 0.0359375 0.0421875
4 0.2046875 0.2734375 0.0703125 0.015625
4 0.128125 0.28515625 0.0484375 0.0375
5 0.25703125 0.2875 0.03125 0.040625
5 0.42734375 0.2265625 0.0484375 0.0421875
3 0.6171875 0.1796875 0.0625 0.046875
3 0.2484375 0.40703125 0.05625 0.0421875
9 0.48046875 0.6171875 0.03125 0.0359375
7 0.57578125 0.584375 0.046875 0.015625
7 0.52265625 0.56328125 0.034375 0.0296875
7 0.625 0.6078125 0.0203125 0.0296875
7 0.6796875 0.634375 0.0484375 0.015625
7 0.7390625 0.6171875 0.0359375 0.028125
7 0.60390625 0.49375 0.053125 0.0109375
7 0.53828125 0.51171875 0.0390625 0.0296875
7 0.4609375 0.52890625 0.0515625 0.015625
7 0.39921875 0.53984375 0.0390625 0.0265625
7 0.403125 0.5 0.03125 0.0328125
7 0.4125 0.4484375 0.0390625 0.03125
7 0.4703125 0.43359375 0.05 0.0125
7 0.5484375 0.471875 0.028125 0.034375
7 0.57109375 0.40859375 0.0484375 0.034375
7 0.58828125 0.35625 0.021875 0.046875
6 0.5375 0.44375 0.05 0.0359375
6 0.65234375 0.4984375 0.0375 0.040625
6 0.63359375 0.6359375 0.0359375 0.03125
8 0.7703125 0.60078125 0.034375 0.0234375
8 0.50234375 0.5359375 0.028125 0.0265625
8 0.384375 0.47421875 0.0359375 0.0265625
3 0.5328125 0.6984375 0.04375 0.03125
3 0.3171875 0.73671875 0.0421875 0.0296875
5 0.21953125 0.70546875 0.0359375 0.028125
5 0.02578125 0.40625 0.0390625 0.0359375
6 0.1125 0.66328125 0.0484375 0.034375
5 0.0140625 0.66484375 0.028125 0.0265625
2 0.1390625 0.70234375 0.0328125 0.0234375
2 0.01015625 0.62578125 0.0203125 0.0328125
1 0.2421875 0.7453125 0.0359375 0.0234375
1 0.778125 0.5375 0.0421875 0.0265625
1 0.71015625 0.553125 0.0484375 0.015625
1 0.8109375 0.49609375 0.021875 0.0328125
1 0.83828125 0.434375 0.0375 0.04375
1 0.8671875 0.3921875 0.021875 0.028125
1 0.8046875 0.35 0.0421875 0.0265625
1 0.72890625 0.36328125 0.0453125 0.0375
1 0.7609375 0.315625 0.015625 0.0421875
1 0.678125 0.26328125 0.0609375 0.0203125
1 0.6125 0.2828125 0.046875 0.0390625
1 0.509375 0.31328125 0.0578125 0.01875
1 0.44140625 0.3328125 0.0390625 0.0390625
1 0.63515625 0.390625 0.0515625 0.01875
1 0.70859375 0.42890625 0.0296875 0.034375
0 0.703125 0.3984375 0.0515625 0.0328125
0 0.8609375 0.35859375 0.046875 0.0359375
0 0.75703125 0.2765625 0.053125 0.0359375
2 0.41953125 0.36328125 0.0375 0.0265625
2 0.56953125 0.31953125 0.0390625 0.0234375
2 0.80546875 0.4640625 0.040625 0.0265625
0 0.66953125 0.5484375 0.0328125 0.0359375