2 0.20078125 0.303125 0.034375 0.028125
2 0.37890625 0.33203125 0.034375 0.0296875
2 0.63671875 0.25390625 0.034375 0.025
2 0.884375 0.70078125 0.040625 0.040625
1 0.928125 0.44453125 0.0359375 0.0234375
1 0.91875 0.39609375 0.034375 0.03125
1 0.84296875 0.3625 0.05625 0.0203125
1 0.60625 0.50234375 0.046875 0.028125
1 0.74609375 0.73203125 0.059375 0.04375
1 0.53203125 0.7734375 0.046875 0.053125
1 0.25546875 0.69140625 0.078125 0.025
1 0.184375 0.646875 0.0375 0.0515625
1 0.1078125 0.4796875 0.05625 0.0390625
1 0.13828125 0.42890625 0.0234375 0.0390625
1 0.63515625 0.39609375 0.0484375 0.03125
0 0.26484375 0.26796875 0.0421875 0.040625
0 0.32265625 0.4328125 0.0546875 0.0390625
0 0.4703125 0.50703125 0.04375 0.0421875
0 0.90546875 0.459375 0.0484375 0.040625
4 0.52109375 0.3015625 0.0296875 0.0296875
4 0.78671875 0.37421875 0.04375 0.025
4 0.7875 0.3421875 0.0328125 0.03125
4 0.74765625 0.59609375 0.0515625 0.0359375
4 0.74375 0.659375 0.0421875 0.0546875
4 0.81796875 0.70625 0.078125 0.028125
4 0.2328125 0.56328125 0.059375 0.0390625
4 0.47890625 0.41640625 0.0515625 0.03125
4 0.8296875 0.45234375 0.0625 0.01875
5 0.88671875 0.5796875 0.0515625 0.034375
5 0.2703125 0.5359375 0.0484375 0.03125
5 0.76640625 0.315625 0.0375 0.0234375
5 0.896875 0.3671875 0.0390625 0.0265625
4 0.30859375 0.2828125 0.053125 0.0171875
4 0.38828125 0.584375 0.0375 0.05
4 0.4796875 0.64609375 0.0703125 0.0203125
4 0.55703125 0.634375 0.0640625 0.0359375
4 0.77265625 0.46640625 0.046875 0.028125
5 0.7515625 0.39453125 0.0375 0.028125
3 0.63359375 0.33203125 0.04375 0.03125
3 0.42421875 0.44140625 0.040625 0.0484375
3 0.05546875 0.56640625 0.075 0.04375
3 0.3359375 0.78984375 0.0625 0.05625
7 0.32109375 0.4015625 0.0375 0.034375
7 0.3984375 0.26953125 0.0390625 0.021875
7 0.64375 0.36171875 0.03125 0.0359375
7 0.54765625 0.4125 0.0578125 0.0234375
7 0.921875 0.55625 0.046875 0.0328125
7 0.93125 0.62265625 0.0453125 0.0515625
7 0.93671875 0.68828125 0.0453125 0.0484375
7 0.58359375 0.55625 0.0296875 0.04375
7 0.41328125 0.53203125 0.0515625 0.0390625
7 0.265625 0.50390625 0.025 0.040625
7 0.20390625 0.4640625 0.0640625 0.01875
7 0.32578125 0.73046875 0.034375 0.05625
8 0.21953125 0.36171875 0.0453125 0.0296875
8 0.50625 0.27421875 0.0359375 0.0265625
8 0.9515625 0.528125 0.0453125 0.03125
8 0.18203125 0.59296875 0.046875 0.0359375
8 0.46328125 0.3515625 0.034375 0.03125
7 0.434375 0.8046875 0.0734375 0.0453125
6 0.734375 0.49140625 0.0578125 0.0375
6 0.67109375 0.2921875 0.0484375 0.034375
6 0.41015625 0.6296875 0.05625 0.04375
6 0.59765625 0.41640625 0.05 0.0375
10 0.54609375 0.6984375 0.034375 0.0578125
10 0.6453125 0.75859375 0.078125 0.0390625
10 0.67421875 0.6046875 0.0703125 0.025
10 0.51328125 0.515625 0.0640625 0.0203125
10 0.4515625 0.48125 0.0390625 0.0390625
10 0.6203125 0.44765625 0.0359375 0.0359375
10 0.68515625 0.3828125 0.0609375 0.0171875
10 0.77890625 0.43125 0.034375 0.040625
10 0.48125 0.38203125 0.028125 0.0359375
10 0.5046875 0.334375 0.040625 0.03125
10 0.56875 0.321875 0.053125 0.015625
10 0.45546875 0.2671875 0.05 0.015625
10 0.3375 0.5515625 0.0640625 0.028125
9 0.134375 0.39140625 0.0484375 0.0375
9 0.35625 0.290625 0.0453125 0.0390625
9 0.61484375 0.596875 0.059375 0.0390625
9 0.77421875 0.55859375 0.0390625 0.0453125
11 0.628125 0.478125 0.0421875 0.025
11 0.25546875 0.4734375 0.040625 0.03125
11 0.3078125 0.3703125 0.0375 0.03125
2 0.15703125 0.4515625 0.0328125 0.0296875