10 0.3578125 0.41015625 0.040625 0.01953125
10 0.290625 0.4890625 0.0421875 0.0265625
10 0.71875 0.396875 0.02890625 0.02890625
10 0.85546875 0.3828125 0.0265625 0.02578125
10 0.625 0.35078125 0.0203125 0.0234375
10 0.525 0.33125 0.040625 0.0140625
10 0.46015625 0.34609375 0.04140625 0.01640625
10 0.5578125 0.3953125 0.04453125 0.0171875
10 0.55546875 0.27421875 0.03359375 0.02109375
10 0.3015625 0.33671875 0.01640625 0.02265625
10 0.80546875 0.3640625 0.046875 0.0171875
9 0.4015625 0.496875 0.028125 0.0390625
9 0.653125 0.5375 0.04765625 0.0328125
11 0.49453125 0.56015625 0.040625 0.028125
11 0.8078125 0.5109375 0.03828125 0.025
11 0.71484375 0.375 0.03203125 0.01953125
8 0.30625 0.31640625 0.0296875 0.02265625
8 0.60859375 0.33203125 0.0234375 0.02421875
8 0.253125 0.51015625 0.0296875 0.03203125
6 0.24453125 0.4171875 0.03125 0.03828125
6 0.68515625 0.44765625 0.0453125 0.03125
7 0.278125 0.428125 0.0453125 0.01796875
7 0.34609375 0.4859375 0.0453125 0.02109375
7 0.38984375 0.55859375 0.04765625 0.0234375
7 0.346875 0.61328125 0.0171875 0.040625
7 0.38359375 0.65546875 0.05859375 0.0234375
7 0.66796875 0.57109375 0.03515625 0.0390625
7 0.83359375 0.49296875 0.0234375 0.02890625
7 0.8578125 0.41015625 0.03046875 0.02109375
7 0.7734375 0.42734375 0.04609375 0.015625
7 0.74921875 0.33046875 0.02265625 0.02109375
7 0.5390625 0.309375 0.01640625 0.02265625
7 0.49921875 0.28671875 0.0390625 0.01328125
7 0.5546875 0.49765625 0.025 0.03203125
5 0.54140625 0.4671875 0.03359375 0.025
5 0.31875 0.42578125 0.03203125 0.0234375
4 0.7046875 0.3109375 0.0421875 0.01328125
4 0.7765625 0.47265625 0.0421875 0.02109375
4 0.83984375 0.46171875 0.028125 0.02890625
4 0.728125 0.603125 0.0546875 0.01953125
4 0.59609375 0.525 0.0515625 0.015625
4 0.5296875 0.53125 0.04140625 0.02421875
4 0.4125 0.40703125 0.04609375 0.0125
4 0.3921875 0.35 0.0359375 0.01953125
4 0.3328125 0.3609375 0.04296875 0.0140625
4 0.61171875 0.3875 0.040625 0.01796875
4 0.66171875 0.36953125 0.04609375 0.01640625
4 0.74453125 0.35703125 0.03359375 0.0234375
4 0.340625 0.303125 0.0375 0.0203125
3 0.825 0.42421875 0.0453125 0.03359375
3 0.33203125 0.57734375 0.0453125 0.034375
2 0.36640625 0.3640625 0.021875 0.0234375
2 0.4421875 0.6625 0.040625 0.0328125
1 0.69375 0.51640625 0.040625 0.02578125
1 0.71953125 0.4390625 0.03671875 0.0234375
1 0.6328125 0.4421875 0.03984375 0.0234375
1 0.59296875 0.4140625 0.0234375 0.03125
1 0.57734375 0.328125 0.040625 0.01875
1 0.60546875 0.26953125 0.0359375 0.01328125
1 0.44609375 0.29375 0.03828125 0.0140625
1 0.3765625 0.38515625 0.015625 0.025
1 0.3203125 0.45625 0.01171875 0.03046875
1 0.44375 0.47265625 0.040625 0.02265625
1 0.41015625 0.528125 0.01484375 0.0359375
0 0.5109375 0.38515625 0.0390625 0.0328125
0 0.5328125 0.28984375 0.0296875 0.025
4 0.209375 0.43046875 0.040625 0.0234375