1 0.33203125 0.3078125 0.04140625 0.02109375
1 0.3921875 0.3015625 0.03828125 0.01796875
1 0.44609375 0.30234375 0.03984375 0.0171875
1 0.51953125 0.29765625 0.0390625 0.015625
1 0.58359375 0.290625 0.034375 0.01953125
1 0.63515625 0.28984375 0.0359375 0.01796875
1 0.67734375 0.30625 0.015625 0.0234375
1 0.30390625 0.33359375 0.015625 0.025
1 0.26171875 0.36953125 0.03671875 0.0171875
1 0.24296875 0.4015625 0.01484375 0.02734375
1 0.20859375 0.4359375 0.04140625 0.025
0 0.15859375 0.4421875 0.05234375 0.0296875
0 0.6859375 0.3265625 0.040625 0.028125
2 0.48515625 0.2859375 0.02578125 0.01875
2 0.30546875 0.35390625 0.02734375 0.0234375
9 0.50703125 0.35703125 0.021875 0.034375
9 0.584375 0.41484375 0.0390625 0.0296875
11 0.5546875 0.55390625 0.03125 0.02265625
11 0.68515625 0.4859375 0.0265625 0.0265625
11 0.6328125 0.353125 0.03125 0.0203125
10 0.584375 0.3421875 0.04453125 0.01484375
10 0.53515625 0.35078125 0.03984375 0.0171875
10 0.50703125 0.38515625 0.01640625 0.02890625
10 0.540625 0.40703125 0.03984375 0.025
10 0.62890625 0.40390625 0.0359375 0.021875
10 0.63984375 0.37578125 0.0265625 0.0234375
10 0.59609375 0.44921875 0.01953125 0.03203125
10 0.63046875 0.475 0.0484375 0.0140625
10 0.703125 0.5203125 0.0203125 0.034375
10 0.6765625 0.55859375 0.0453125 0.02421875
10 0.603125 0.56328125 0.0515625 0.02109375
8 0.3765625 0.37109375 0.02734375 0.0140625
8 0.45234375 0.4296875 0.0296875 0.01953125
8 0.3015625 0.4828125 0.03125 0.0234375
6 0.32421875 0.59140625 0.04609375 0.02890625
6 0.496875 0.6484375 0.040625 0.04296875
7 0.3765625 0.4015625 0.0140625 0.0296875
7 0.41171875 0.42109375 0.04609375 0.02109375
7 0.45703125 0.46015625 0.0140625 0.03203125
7 0.42734375 0.49140625 0.040625 0.02890625
7 0.3640625 0.5015625 0.05 0.01875
7 0.43984375 0.5734375 0.05078125 0.025
7 0.48359375 0.6078125 0.02421875 0.03828125
7 0.37421875 0.57578125 0.04765625 0.02421875
7 0.265625 0.5890625 0.05078125 0.021875
7 0.23671875 0.55390625 0.0140625 0.0359375
7 0.2703125 0.50703125 0.04375 0.0296875
7 0.3171875 0.45859375 0.01875 0.03046875
7 0.34921875 0.4265625 0.04375 0.02109375
4 0.6453125 0.60078125 0.02890625 0.03984375
4 0.7359375 0.55 0.05390625 0.0234375
4 0.778125 0.4671875 0.04765625 0.0234375
4 0.8390625 0.50234375 0.03515625 0.0328125
4 0.83046875 0.54296875 0.04375 0.025
4 0.803125 0.59296875 0.03203125 0.0390625
4 0.77890625 0.6484375 0.0546875 0.0203125
4 0.71640625 0.65703125 0.05625 0.0234375
4 0.85078125 0.46484375 0.03125 0.028125
4 0.86328125 0.41953125 0.02578125 0.02734375
4 0.75859375 0.3984375 0.03671875 0.02109375
4 0.67734375 0.4015625 0.04765625 0.01796875
4 0.73984375 0.43984375 0.02578125 0.03203125
4 0.71796875 0.46796875 0.0359375 0.021875
5 0.72421875 0.41171875 0.034375 0.02109375
5 0.796875 0.56015625 0.03515625 0.028125
3 0.6703125 0.63515625 0.053125 0.03671875
3 0.8859375 0.44609375 0.04765625 0.028125