2 0.20078125 0.696875 0.034375 0.028125
2 0.37890625 0.66796875 0.034375 0.0296875
2 0.63671875 0.74609375 0.034375 0.025
2 0.884375 0.29921875 0.040625 0.040625
1 0.928125 0.55546875 0.0359375 0.0234375
1 0.91875 0.60390625 0.034375 0.03125
1 0.84296875 0.6375 0.05625 0.0203125
1 0.60625 0.49765625 0.046875 0.028125
1 0.74609375 0.26796875 0.059375 0.04375
1 0.53203125 0.2265625 0.046875 0.053125
1 0.25546875 0.30859375 0.078125 0.025
1 0.184375 0.353125 0.0375 0.0515625
1 0.1078125 0.5203125 0.05625 0.0390625
1 0.13828125 0.57109375 0.0234375 0.0390625
1 0.63515625 0.60390625 0.0484375 0.03125
0 0.26484375 0.73203125 0.0421875 0.040625
0 0.32265625 0.5671875 0.0546875 0.0390625
0 0.4703125 0.49296875 0.04375 0.0421875
0 0.90546875 0.540625 0.0484375 0.040625
4 0.52109375 0.6984375 0.0296875 0.0296875
4 0.78671875 0.62578125 0.04375 0.025
4 0.7875 0.6578125 0.0328125 0.03125
4 0.74765625 0.40390625 0.0515625 0.0359375
4 0.74375 0.340625 0.0421875 0.0546875
4 0.81796875 0.29375 0.078125 0.028125
4 0.2328125 0.43671875 0.059375 0.0390625
4 0.47890625 0.58359375 0.0515625 0.03125
4 0.8296875 0.54765625 0.0625 0.01875
5 0.88671875 0.4203125 0.0515625 0.034375
5 0.2703125 0.4640625 0.0484375 0.03125
5 0.76640625 0.684375 0.0375 0.0234375
5 0.896875 0.6328125 0.0390625 0.0265625
4 0.30859375 0.7171875 0.053125 0.0171875
4 0.38828125 0.415625 0.0375 0.05
4 0.4796875 0.35390625 0.0703125 0.0203125
4 0.55703125 0.365625 0.0640625 0.0359375
4 0.77265625 0.53359375 0.046875 0.028125
5 0.7515625 0.60546875 0.0375 0.028125
3 0.63359375 0.66796875 0.04375 0.03125
3 0.42421875 0.55859375 0.040625 0.0484375
3 0.05546875 0.43359375 0.075 0.04375
3 0.3359375 0.21015625 0.0625 0.05625
7 0.32109375 0.5984375 0.0375 0.034375
7 0.3984375 0.73046875 0.0390625 0.021875
7 0.64375 0.63828125 0.03125 0.0359375
7 0.54765625 0.5875 0.0578125 0.0234375
7 0.921875 0.44375 0.046875 0.0328125
7 0.93125 0.37734375 0.0453125 0.0515625
7 0.93671875 0.31171875 0.0453125 0.0484375
7 0.58359375 0.44375 0.0296875 0.04375
7 0.41328125 0.46796875 0.0515625 0.0390625
7 0.265625 0.49609375 0.025 0.040625
7 0.20390625 0.5359375 0.0640625 0.01875
7 0.32578125 0.26953125 0.034375 0.05625
8 0.21953125 0.63828125 0.0453125 0.0296875
8 0.50625 0.72578125 0.0359375 0.0265625
8 0.9515625 0.471875 0.0453125 0.03125
8 0.18203125 0.40703125 0.046875 0.0359375
8 0.46328125 0.6484375 0.034375 0.03125
7 0.434375 0.1953125 0.0734375 0.0453125
6 0.734375 0.50859375 0.0578125 0.0375
6 0.67109375 0.7078125 0.0484375 0.034375
6 0.41015625 0.3703125 0.05625 0.04375
6 0.59765625 0.58359375 0.05 0.0375
10 0.54609375 0.3015625 0.034375 0.0578125
10 0.6453125 0.24140625 0.078125 0.0390625
10 0.67421875 0.3953125 0.0703125 0.025
10 0.51328125 0.484375 0.0640625 0.0203125
10 0.4515625 0.51875 0.0390625 0.0390625
10 0.6203125 0.55234375 0.0359375 0.0359375
10 0.68515625 0.6171875 0.0609375 0.0171875
10 0.77890625 0.56875 0.034375 0.040625
10 0.48125 0.61796875 0.028125 0.0359375
10 0.5046875 0.665625 0.040625 0.03125
10 0.56875 0.678125 0.053125 0.015625
10 0.45546875 0.7328125 0.05 0.015625
10 0.3375 0.4484375 0.0640625 0.028125
9 0.134375 0.60859375 0.0484375 0.0375
9 0.35625 0.709375 0.0453125 0.0390625
9 0.61484375 0.403125 0.059375 0.0390625
9 0.77421875 0.44140625 0.0390625 0.0453125
11 0.628125 0.521875 0.0421875 0.025
11 0.25546875 0.5265625 0.040625 0.03125
11 0.3078125 0.6296875 0.0375 0.03125
2 0.15703125 0.5484375 0.0328125 0.0296875