1 0.684375 0.95625 0.0265625 0.0546875
1 0.50546875 0.41328125 0.04375 0.0125
1 0.44921875 0.42265625 0.034375 0.0265625
1 0.62421875 0.30625 0.0421875 0.0140625
1 0.6765625 0.32890625 0.0265625 0.0265625
1 0.79140625 0.4640625 0.03125 0.03125
1 0.62734375 0.51328125 0.0421875 0.0265625
1 0.46953125 0.30859375 0.0234375 0.028125
1 0.421875 0.6171875 0.0390625 0.034375
1 0.54765625 0.6359375 0.034375 0.0390625
1 0.440625 0.50625 0.028125 0.03125
0 0.59140625 0.37578125 0.03125 0.028125
0 0.65859375 0.38515625 0.0375 0.028125
0 0.77265625 0.525 0.0421875 0.0328125
0 0.41796875 0.7125 0.034375 0.0359375
2 0.653125 0.66953125 0.0265625 0.0265625
7 0.29140625 0.63984375 0.0296875 0.03125
7 0.6546875 0.56640625 0.034375 0.021875
7 0.81796875 0.58046875 0.0375 0.021875
7 0.525 0.59921875 0.0359375 0.025
8 0.49296875 0.45859375 0.0328125 0.0265625
8 0.6125 0.62265625 0.03125 0.0234375
8 0.15234375 0.51171875 0.0359375 0.0265625
8 0.21171875 0.33125 0.025 0.025
6 0.175 0.41796875 0.0265625 0.0359375
6 0.53671875 0.5 0.0375 0.03125
6 0.33515625 0.30703125 0.0265625 0.0359375
8 0.559375 0.26328125 0.0265625 0.0234375
6 0.69921875 0.621875 0.034375 0.03125
7 0.1609375 0.54765625 0.025 0.0359375
7 0.215625 0.571875 0.0546875 0.021875
7 0.18671875 0.484375 0.0390625 0.0265625
7 0.19375 0.4546875 0.025 0.034375
7 0.2453125 0.315625 0.0359375 0.0265625
7 0.2953125 0.30546875 0.0421875 0.0140625
7 0.43125 0.5765625 0.028125 0.0359375
7 0.5609375 0.478125 0.0359375 0.0296875
7 0.553125 0.5765625 0.034375 0.0328125
7 0.60234375 0.6640625 0.0515625 0.015625
7 0.7375 0.43671875 0.046875 0.015625
7 0.7953125 0.50234375 0.03125 0.0203125
4 0.3671875 0.2921875 0.03125 0.0234375
4 0.3984375 0.35546875 0.0453125 0.0140625
4 0.565625 0.4375 0.021875 0.0328125
4 0.621875 0.3828125 0.046875 0.015625
4 0.73046875 0.3546875 0.040625 0.0140625
4 0.54609375 0.684375 0.0421875 0.034375
4 0.740625 0.62265625 0.0515625 0.0171875
4 0.68046875 0.54375 0.03125 0.028125
4 0.4609375 0.3875 0.0265625 0.03125
3 0.2421875 0.38046875 0.040625 0.03125
3 0.45 0.28515625 0.0328125 0.025
3 0.69765625 0.35078125 0.0296875 0.028125
3 0.38828125 0.64765625 0.0390625 0.03125
5 0.375 0.478125 0.028125 0.025
5 0.28984375 0.47421875 0.03125 0.0234375
5 0.54765625 0.41328125 0.03125 0.0234375
5 0.55234375 0.334375 0.0265625 0.0234375
9 0.3453125 0.4359375 0.0234375 0.0328125
9 0.41171875 0.53984375 0.0390625 0.034375
9 0.66328125 0.46875 0.0421875 0.03125
9 0.440625 0.36015625 0.0375 0.0296875
11 0.7984375 0.4015625 0.0203125 0.025
11 0.4234375 0.4421875 0.0296875 0.028125
11 0.271875 0.434375 0.025 0.025
11 0.26953125 0.57421875 0.03125 0.028125
11 0.48203125 0.32734375 0.028125 0.021875
10 0.60703125 0.55859375 0.0484375 0.0171875
10 0.79375 0.5515625 0.034375 0.034375
10 0.7953125 0.60546875 0.028125 0.0328125
10 0.4171875 0.284375 0.04375 0.015625
10 0.47578125 0.27421875 0.021875 0.028125
10 0.5203125 0.2609375 0.046875 0.015625
10 0.29765625 0.54765625 0.0453125 0.03125
10 0.31328125 0.50546875 0.0265625 0.0328125
10 0.68203125 0.41328125 0.0296875 0.03125
4 0.97578125 0.65546875 0.0484375 0.0265625
4 0.97890625 0.65078125 0.0421875 0.0265625
4 0.98046875 0.64453125 0.0390625 0.0265625
4 0.98359375 0.63828125 0.0328125 0.021875
4 0.98671875 0.63203125 0.0265625 0.0171875