10 0.42734375 0.43515625 0.04296875 0.034375
10 0.40546875 0.4875 0.0296875 0.04140625
10 0.47734375 0.5265625 0.0609375 0.015625
10 0.53046875 0.56015625 0.02890625 0.0359375
10 0.5671875 0.590625 0.053125 0.01796875
10 0.50859375 0.621875 0.040625 0.03359375
10 0.50546875 0.6609375 0.0234375 0.03828125
10 0.48515625 0.715625 0.04375 0.025
10 0.41953125 0.73359375 0.05859375 0.01640625
10 0.46875 0.7671875 0.02421875 0.0296875
10 0.5078125 0.78984375 0.04765625 0.0171875
11 0.5703125 0.79609375 0.03125 0.01953125
11 0.465625 0.73984375 0.02890625 0.0234375
11 0.51953125 0.6921875 0.0328125 0.0234375
9 0.48125 0.640625 0.04765625 0.03359375
9 0.4296875 0.52890625 0.03671875 0.03984375
7 0.38125 0.60859375 0.0265625 0.03671875
7 0.39296875 0.55 0.0375 0.03125
7 0.325 0.5671875 0.05625 0.01796875
7 0.2640625 0.54375 0.03671875 0.03984375
7 0.2734375 0.47578125 0.0375 0.04140625
7 0.19375 0.50234375 0.0609375 0.021875
7 0.11484375 0.51796875 0.02890625 0.03828125
7 0.096875 0.5671875 0.040625 0.0421875
7 0.18515625 0.6078125 0.06171875 0.0203125
7 0.2484375 0.6375 0.021875 0.04375
7 0.2796875 0.42890625 0.03671875 0.04609375
7 0.2 0.378125 0.0625 0.02421875
7 0.13671875 0.3875 0.0375 0.03828125
6 0.1265625 0.60703125 0.04921875 0.040625
6 0.140625 0.496875 0.0515625 0.0421875
8 0.25078125 0.371875 0.04296875 0.03203125
8 0.09375 0.43046875 0.04765625 0.02421875
8 0.371875 0.5765625 0.03203125 0.02890625
4 0.70390625 0.66328125 0.0609375 0.015625
4 0.75 0.65703125 0.0421875 0.0328125
4 0.74609375 0.69375 0.02734375 0.0359375
4 0.7375 0.73515625 0.04609375 0.03046875
4 0.66953125 0.75234375 0.053125 0.01875
4 0.3625 0.709375 0.02890625 0.0328125
4 0.36484375 0.6578125 0.0375 0.034375
4 0.28359375 0.675 0.0484375 0.02890625
4 0.22421875 0.69140625 0.0515625 0.03046875
4 0.22890625 0.75 0.0515625 0.0171875
4 0.2703125 0.77421875 0.05546875 0.0140625
4 0.34140625 0.74765625 0.03671875 0.0265625
5 0.32734375 0.7734375 0.040625 0.021875
3 0.2125 0.7234375 0.04765625 0.03359375
3 0.334375 0.68359375 0.03828125 0.0390625
4 0.14921875 0.70390625 0.05546875 0.02265625
4 0.10703125 0.67734375 0.04609375 0.0375
1 0.6359375 0.6765625 0.04296875 0.03046875
1 0.65625 0.6390625 0.03515625 0.03359375
1 0.55078125 0.51953125 0.0515625 0.034375
1 0.6078125 0.49296875 0.0484375 0.02421875
1 0.66328125 0.58515625 0.0453125 0.03046875
1 0.74609375 0.553125 0.04921875 0.02421875
1 0.79296875 0.55390625 0.02421875 0.0328125
1 0.83203125 0.47890625 0.03203125 0.040625
1 0.7703125 0.45703125 0.0625 0.021875
1 0.7078125 0.4828125 0.04609375 0.0296875
2 0.68828125 0.55625 0.03984375 0.025
2 0.66328125 0.49921875 0.0453125 0.025
0 0.62265625 0.6046875 0.0484375 0.03046875
0 0.8546875 0.528125 0.05859375 0.02890625
1 0.5328125 0.28828125 0.06953125 0.0203125